143.187867,72.7912772,0
140.9082787,72.8382134,0
139.2965728,72.347726,0
138.6373931,71.8616305,0
136.6159087,71.6137555,0
134.3307524,71.3906791,0
132.7047759,71.9299098,0
131.3296502,70.7564581,0
129.2770415,71.5998891,0
129.628604,72.6123056,0
128.8375884,73.320226,0
125.6295806,73.8174096,0
123.7838774,73.8785346,0
123.2565337,72.9762689,0
121.4547759,72.8600941,0
118.9938384,73.1172229,0
118.7301665,73.5830712,0
116.4010649,73.6944822,0
112.2702056,73.7806263,0
108.8864165,73.2949809,0
106.9088774,73.4082923,0
110.0289946,74.2882622,0
113.8522368,75.3799847,0
113.5446196,76.1576308,0
111.7868071,76.6938993,0
108.0954009,76.6938993,0
107.7877837,76.5311028,0
106.7770415,76.5821856,0
107.128604,77.0038372,0
105.0631743,77.121899,0
106.2496978,77.3836961,0
105.019229,77.5836899,0
103.8327056,78.2549195,0
104.1403228,78.2459707,0
105.2829009,78.5115311,0
104.8434478,78.8564232,0
103.8327056,79.1580737,0
102.3385649,79.3790039,0
101.3278228,79.2075585,0
100.6686431,78.7882724,0
99.9215728,78.8988096,0
100.0094634,79.8308995,0
99.7897368,80.0610444,0
97.8121978,80.1064508,0
97.1530181,80.263762,0
97.5485259,80.5853773,0
97.9440337,80.7915721,0
97.0651274,80.9726266,0
95.8346587,81.2776847,0
94.6481353,81.0822854,0
93.1979399,80.8755788,0
92.7584868,80.476936,0
91.3522368,80.1064508,0
90.7809478,79.7530187,0
93.5055571,79.7060073,0
93.8131743,79.4032753,0
95.3952056,78.9915,0
97.284854,78.8138771,0
99.4381743,78.8053486,0
100.6246978,78.6852741,0
99.5260649,78.2906474,0
100.097354,77.9376812,0
103.1735259,78.2190841,0
104.5358306,77.8269819,0
102.3385649,77.4793235,0
100.8883696,77.0924828,0
101.1080962,76.6229149,0
99.5700103,76.5311028,0
97.9440337,76.2101029,0
97.284854,76.4386722,0
95.6149321,76.3040617,0
90.2096587,75.5892557,0
86.1666899,74.7110252,0
86.9137603,73.8663276,0
80.6735259,73.4834179,0
80.5856353,72.8600941,0
78.1686431,72.3743584,0
75.9713774,72.03864,0
75.7077056,72.5333377,0
74.5211821,72.9762689,0
75.0485259,72.5333377,0
74.3014556,71.9979405,0
73.3346587,71.7793664,0
73.6422759,71.0368879,0
74.081729,70.1462571,0
73.9938384,69.2467269,0
74.7409087,68.5184973,0
74.6969634,67.6826735,0
73.3346587,66.8506286,0
71.1813384,66.485131,0
72.1041899,66.9368575,0
73.5983306,68.5667241,0
72.675479,69.3709444,0
72.8952056,70.589184,0
72.2360259,71.4885945,0
72.8512603,72.7039975,0
69.6432524,73.0532939,0
68.5885649,71.9026279,0
67.2702056,71.0083063,0
66.6110259,70.131327,0
67.4020415,69.5098389,0
69.159854,68.9172464,0
68.1051665,68.4055659,0
66.7428618,68.8856081,0
63.1832915,69.6631165,0
59.7555571,70.2058699,0
57.0309478,70.9366707,0
55.4049712,71.9979405,0
56.1520415,72.911822,0
59.6676665,74.6413437,0
63.2711821,75.5783149,0
68.5885649,76.2728121,0
68.8082915,76.8046995,0
67.4020415,76.9741559,0
64.5016509,76.3767064,0
61.7330962,76.2728121,0
56.4596587,75.2798215,0
53.7350493,73.2823444,0
51.4498931,72.1332597,0
52.0651274,71.2640536,0
58.4371978,70.0415199,0
60.2829009,69.6631165,0
60.4367095,69.3477079,0
60.9640532,68.9961442,0
60.4147368,68.7426743,0
59.8434478,68.7028069,0
59.8654204,68.5667241,0
59.8214751,68.3569938,0
59.1622954,68.4378896,0
59.382022,68.7107861,0
59.0744048,68.9803872,0
57.909854,68.9014329,0
57.0748931,68.5586935,0
55.8883696,68.6468729,0
54.2843657,68.2351082,0
53.8888579,68.4701672,0
53.9108306,68.7824704,0
54.7677642,68.9488394,0
54.394229,69.0197586,0
50.9225493,68.4782294,0
50.0436431,68.071578,0
47.9122954,67.6492745,0
47.8463774,67.2617647,0
47.2091704,66.8937811,0
45.956729,66.8851567,0
45.187686,67.1766853,0
45.187686,67.548793,0
46.7037993,67.8240911,0
45.8248931,68.5345844,0
43.144229,68.6948249,0
44.0231353,68.3488884,0
43.7594634,67.3126681,0
44.4625884,66.8851567,0
43.7374907,66.2826773,0
42.3092681,66.5201736,0
39.8922759,65.5656371,0
40.6613189,65.088698,0
39.5846587,64.7159051,0
36.8600493,65.2639669,0
36.5304595,64.7252881,0
37.9806548,64.2043652,0
37.2116118,63.9256847,0
31.1471587,61.6146451,0
31.6305571,61.4050233,0
32.5753814,60.9921809,0
32.7291899,60.4982484,0
32.3996001,60.1173152,0
31.7623931,60.2375159,0
30.0814849,59.8038345,0
29.4223052,59.9801888,0
28.8839751,59.8093597,0
28.0600005,59.7817243,0
27.8842192,59.4427244,0
26.7416411,59.4817999,0
26.0275298,59.6209869,0
25.3903228,59.5375437,0
24.4345122,59.4762205,0
23.5116606,59.1735589,0
23.5446196,58.55438,0
24.0829497,58.2666336,0
24.5663481,58.3992888,0
24.3466216,57.2706037,0
23.8961821,56.9484444,0
23.4347564,57.0202775,0
23.2040435,57.3121602,0
22.8854399,57.4779175,0
22.5888091,57.7896241,0
21.5011626,57.5428315,0
21.2594634,57.0740615,0
20.9298735,56.3687741,0
21.3363677,55.476233,0
21.1496001,54.9118561,0
19.8971587,54.9307977,0
20.3256255,54.6775097,0
19.6115142,54.2625235,0
18.7985259,54.5056418,0
18.2711821,54.8865868,0
14.0853911,53.959829,0
13.7228423,54.4673504,0
13.3273345,54.6965614,0
11.5914946,54.1146725,0
10.8224517,54.0566738,0
11.3388091,54.4162394,0
11.0751372,54.537524,0
10.8224517,54.3202343,0
9.9765044,54.7092576,0
10.1522856,54.9118561,0
9.6139556,55.1322865,0
9.7677642,55.6439897,0
10.2621489,55.9835049,0
10.5258208,56.4963393,0
10.6576567,57.3121602,0
11.8002349,57.6899341,0
12.5912505,55.6377892,0
13.9975005,55.463778,0
13.9975005,55.9096813,0
16.4144927,56.1062316,0
16.8539458,57.8305931,0
17.0297271,58.7316048,0
19.0072661,59.2747456,0
18.7435942,60.1392026,0
17.0736724,60.5306935,0
17.5570708,62.2555437,0
19.4027739,63.2809835,0
21.4242583,64.3664373,0
21.2484771,65.0423817,0
22.5228911,65.7196923,0
23.6215239,65.8458757,0
25.3793364,65.1164491,0
24.5883208,64.7252881,0
22.2592192,63.4189617,0
21.1605864,62.7626671,0
21.2484771,61.3418609,0
22.1713286,60.3137785,0
24.3685942,60.0296199,0
27.5766021,60.5090671,0
29.8617583,60.9601993,0
30.6527739,61.6355296,0
36.7611724,63.887027,0
35.0912505,64.3664373,0
34.8275786,65.2639669,0
34.6517974,66.1141953,0
33.4652739,66.7987452,0
34.6957427,66.4500391,0
39.3100005,66.1675215,0
41.4193755,66.7987452,0
41.1557036,67.6659799,0
35.6185942,69.1217947,0
30.3012114,69.8758613,0
31.1361724,70.2653109,0
27.5766021,71.0796827,0
25.8627349,71.2075093,0
23.9730864,71.0939269,0
22.6547271,70.4131644,0
18.8754302,70.2207463,0
14.5248442,68.9330485,0
13.0746489,67.9976089,0
15.7992583,68.4217335,0
15.9750396,68.1289461,0
10.8773833,64.5936291,0
7.3397856,62.9830794,0
5.0326567,62.1736013,0
4.7030669,61.2732909,0
4.9227935,60.4766003,0
-18.5000581,63.4680793,0
-18.0715913,63.6149275,0
-16.5774507,63.8773542,0
-15.1272554,64.2616758,0
-14.2263765,64.5936291,0
-13.6550874,65.1534056,0
-13.6550874,65.4563403,0
-14.2044038,65.620114,0
-14.6658296,65.7558077,0
-14.577939,65.908736,0
-15.0393647,66.1408724,0
-14.7097749,66.3973087,0
-15.4788179,66.2295938,0
-15.8113168,66.4027898,0
-16.5335054,66.5726451,0
-16.4675874,66.2738378,0
-17.0828218,66.0874901,0
-17.9397554,66.1319832,0
-18.8186616,66.2207356,0
-20.4885835,66.1141953,0
-20.1809663,65.8008811,0
-21.0818452,65.4837075,0
-21.6970796,65.6563686,0
-21.1917085,65.9177035,0
-21.8289155,66.2826773,0
-23.0374116,66.4588167,0
-23.9163179,65.908736,0
-24.7952241,65.5565465,0
-24.3337983,65.4380797,0
-22.949521,65.5565465,0
-21.9387788,65.5110459,0
-22.9055757,65.0145533,0
-24.1140718,64.9215819,0
-24.3118257,64.6501326,0
-23.3889741,64.7252881,0
-22.5540132,64.8282871,0
-22.0046968,64.5275596,0
-22.1145601,64.0701778,0
-23.3889741,64.0509552,0
-22.7957124,63.7124068,0
-21.1257905,63.8192476,0
-19.4119233,63.4680793,0
4.7799712,60.4332608,0
5.3952056,60.0186416,0
4.9996978,59.5542489,0
5.3292876,58.7201981,0
5.9005767,58.3416738,0
7.5265532,57.9240619,0
9.0646392,58.5486481,0
10.4049712,59.1172142,0
11.1080962,59.0494782,0
11.2838774,58.5371814,0
10.7785064,57.7837676,0
10.2072173,57.6429261,0
9.8996001,57.3832909,0
9.1305571,57.2290002,0
8.5372954,57.0382142,0
8.1417876,56.5932448,0
8.1417876,55.8233759,0
8.5812407,55.0757202,0
8.9108306,53.9662924,0
7.987979,53.7329806,0
5.7028228,53.419872,0
4.8458892,52.8928591,0
4.8019439,53.2230002,0
4.6041899,52.6135827,0
4.1427642,51.9414145,0
3.3297759,51.4511255,0
2.7145415,51.066111,0
1.7477446,51.0384865,0
1.5060454,51.1351001,0
1.3961821,51.3826093,0
0.6271392,51.3826093,0
0.7370024,51.5605378,0
1.2204009,51.8464963,0
1.8356353,52.3593595,0
1.5719634,52.9326097,0
0.3414946,52.8530721,0
0.0997954,52.8928591,0
0.2975493,53.1308156,0
0.0119048,53.7199807,0
-0.2297944,54.1339874,0
-0.6472749,54.4290232,0
-1.1965913,54.5821171,0
-1.4382905,54.9118561,0
-1.5042085,55.2889956,0
-1.7678804,55.7492471,0
-2.3391694,55.921995,0
-3.196103,56.1674486,0
-3.0422944,56.3626889,0
-2.5149507,56.6536848,0
-1.7239351,57.4779175,0
-2.0095796,57.7251502,0
-2.9983491,57.7134153,0
-4.0750093,57.9007175,0
-3.1301851,58.4223085,0
-3.0862397,58.6402463,0
-4.9128793,58.5787083,0
-5.0637788,58.4568098,0
-5.5032319,57.9240619,0
-6.074521,57.6664377,0
-6.4260835,57.7603321,0
-6.6677827,57.3002917,0
-5.7669038,57.0501671,0
-6.4041108,56.6778338,0
-6.1624116,56.3261572,0
-6.4480561,55.8973637,0
-6.0525483,55.7616117,0
-5.305478,55.8233759,0
-4.9099702,55.5757308,0
-5.1736421,55.0127747,0
-5.9866304,54.9875688,0
-6.3381929,55.2389158,0
-6.9753999,55.1762273,0
-7.6126069,55.2889956,0
-8.2937593,55.1636777,0
-8.5354585,54.9118561,0
-8.7112397,54.4034517,0
-9.1287202,54.352261,0
-9.4831918,54.3602393,0
-9.9636811,54.1597266,0
-9.7439546,53.8627588,0
-10.1614351,53.5375595,0
-9.8318452,53.354349,0
-9.1946382,53.1571743,0
-9.8098726,52.6402577,0
-10.4031343,52.0361322,0
-9.7439546,51.3551741,0
-8.249814,51.8057557,0
-6.4920015,52.278773,0
-6.0525483,53.0120014,0
-6.4260835,54.0050513,0
-5.4592866,54.3394533,0
-5.8547944,54.8233443,0
-5.305478,54.9118561,0
-4.734189,54.7853511,0
-3.4378022,54.7726788,0
-3.6575288,54.4801182,0
-3.4158296,54.2625235,0
-2.9104585,53.8886662,0
-3.262021,53.419872,0
-3.6355561,53.3805703,0
-4.2288179,53.3412323,0
-4.6243257,53.354349,0
-4.734189,52.8265271,0
-4.3167085,52.9590898,0
-3.9871186,52.5067204,0
-4.5584077,52.1441358,0
-5.1296968,52.0226134,0
-5.2835054,51.7513776,0
-4.6902436,51.6151455,0
-4.3167085,51.5741959,0
-3.6575288,51.5332093,0
-2.8005952,51.4785032,0
-3.0422944,51.2177513,0
-3.6575288,51.2727697,0
-3.9871186,51.2039864,0
-4.4485444,50.8862571,0
-5.0857515,50.3985679,0
-5.4153413,50.0894266,0
-4.7781343,50.1598621,0
-4.031064,49.9058091,0
-3.5476655,50.3004223,0
-3.0422944,50.7335286,0
-2.6028413,50.5803005,0
-2.1633882,50.5803005,0
-1.9436616,50.7752314,0
-1.152646,50.8446534,0
-0.3616304,50.6081974,0
0.5172759,50.7335286,0
1.1544829,50.9970188,0
1.6789176,50.8948934,0
1.3273551,50.0559065,0
0.253604,49.7782783,0
0.1657134,49.4936712,0
-0.1199311,49.2791237,0
-0.6253022,49.3650552,0
-1.0208101,49.4793972,0
-1.3943452,49.6930708,0
-1.8777436,49.6219502,0
-1.7019624,49.3077842,0
-1.5920991,48.7314056,0
-1.9436616,48.7169106,0
-2.5808686,48.5862673,0
-3.0422944,48.8761262,0
-3.965146,48.8038181,0
-4.8249887,48.6824404,0
-5.1296968,48.0456188,0
-4.5364351,47.8100492,0
-3.6355561,47.7657605,0
-2.8665132,47.4695373,0
-2.2512788,47.0819368,0
-1.7488168,46.6103962,0
-0.9109468,45.8714929,0
-1.3723726,43.8787244,0
-1.6799897,43.4336083,0
-2.5808686,43.1937964,0
-3.4378022,43.4814571,0
-4.4705171,43.4655117,0
-5.6570405,43.5292681,0
-7.0852632,43.6406797,0
-7.9421968,43.8470399,0
-9.0408296,43.1937964,0
-9.2385835,42.8886765,0
-8.7551851,41.5215677,0
-8.9309663,40.0072455,0
-9.3923921,38.8703286,0
-8.7991304,38.544549,0
-8.9749116,37.1391175,0
-8.0960054,37.0514869,0
-7.0632905,37.2441404,0
-6.4041108,36.66471,0
-5.7669038,36.0986404,0
-5.1956147,36.1873602,0
-4.4485444,36.6470827,0
-3.8113374,36.6999524,0
-3.0422944,36.7351786,0
-2.6467866,36.7351786,0
-2.2512788,36.7351786,0
-1.7019624,37.3490171,0
-1.0427827,37.26163,0
-0.7131929,37.6801609,0
-0.4714936,38.217287,0
0.1657134,38.7504773,0
-0.1858491,38.9728978,0
-0.350644,39.4495907,0
0.8358794,40.9183205,0
1.6708403,41.1338135,0
2.7255278,41.5297927,0
3.132022,41.7842492,0
3.3187896,42.3470078,0
2.9232817,42.6467208,0
3.132022,43.0333961,0
3.9889556,43.4655117,0
4.7909575,43.4096697,0
5.8788786,43.0542372,0
6.5050993,43.1344626,0
7.0873747,43.6136072,0
9.1528044,42.7322849,0
8.9001189,42.6111196,0
8.669406,42.5140173,0
8.6144743,42.3680805,0
8.5925017,42.1485383,0
8.5485564,41.9772549,0
8.669406,41.7317632,0
8.8232146,41.542915,0
9.1637907,41.4606346,0
9.1088591,41.2214303,0
8.9880095,41.1139157,0
8.7133513,40.9896412,0
8.4277068,40.8734399,0
8.2958708,40.9730535,0
8.1750212,40.8817468,0
8.2189665,40.6320875,0
8.4057341,40.197126,0
8.5595427,39.666392,0
8.4606657,39.4885671,0
8.4606657,39.1400715,0
8.8342009,38.9267231,0
9.0539275,39.105979,0
9.2297087,39.2337407,0
9.6471892,39.16563,0
9.6032439,39.4885671,0
9.6911345,39.9112093,0
9.6471892,40.2642261,0
9.8229704,40.4233223,0
9.7240935,40.7903139,0
9.4933806,41.0890795,0
9.2516814,41.4029761,0
9.339572,41.6907563,0
9.4823943,41.9854218,0
9.5483122,42.2380737,0
9.4494353,42.6919227,0
7.164279,43.653365,0
7.9882536,43.8121331,0
8.3178435,44.1678222,0
8.7133513,44.4429953,0
9.2187224,44.2701799,0
10.2404509,43.9704803,0
10.5480681,42.9095667,0
12.9870329,41.2792497,0
13.1188689,41.2957601,0
13.7011443,41.2049011,0
13.8988982,40.9481642,0
14.4921599,40.6154102,0
14.9755583,40.3647516,0
15.2172575,39.9870098,0
15.700656,40.020672,0
15.9753142,39.5309477,0
16.1291228,38.9779854,0
15.8984099,38.6698555,0
15.7995329,38.386233,0
15.3490935,38.1965308,0
15.0414763,38.213797,0
14.7448454,38.1014939,0
14.3603239,37.9976761,0
13.8219939,37.9890179,0
13.5693083,38.1533476,0
13.2397185,38.2569444,0
12.8991423,38.1619863,0
12.6354704,38.1274253,0
12.3608122,37.8937111,0
12.6684294,37.5983456,0
13.2946501,37.3716834,0
13.7780486,37.0391726,0
14.1515837,37.1092966,0
14.5251189,36.7668303,0
15.0524626,36.7228132,0
15.3271208,37.0654767,0
15.1293669,37.502534,0
15.3051482,37.8937111,0
15.6237517,38.1706239,0
15.6457243,38.0236443,0
16.0412322,37.9543752,0
16.6235075,38.4292779,0
16.6344939,38.8668701,0
17.139865,38.8839761,0
17.1947966,39.3697638,0
16.5246306,39.649476,0
16.5685759,39.8100113,0
16.9421111,40.4818421,0
17.3595915,40.3228842,0
17.7990447,40.2726089,0
18.0187712,39.9449088,0
18.3703337,39.7593563,0
18.513156,40.020672,0
18.513156,40.2558422,0
18.0956755,40.4734853,0
17.9967986,40.6904252,0
17.6342497,40.8235768,0
16.1510954,41.3452663,0
15.9753142,41.5593586,0
16.0741911,41.8055097,0
16.0192595,41.9364051,0
15.3820525,41.830073,0
14.9096404,41.9527482,0
14.3603239,42.3761971,0
14.0087614,42.6596141,0
13.6681853,43.4622877,0
13.3440886,43.6513777,0
12.5118742,44.0889644,0
12.3086272,44.3605788,0
12.2564421,44.7656503,0
12.5146208,44.8961562,0
12.3772917,45.1175318,0
12.1630583,45.2878331,0
12.369052,45.3882261,0
12.6519499,45.4826643,0
13.1353484,45.6653085,0
13.1380949,45.7554497,0
13.4814177,45.7075204,0
13.5500823,45.7880182,0
13.7148772,45.7190272,0
13.7011443,45.5884781,0
13.5363493,45.5327102,0
13.4814177,45.4614776,0
13.5772261,45.1217354,0
13.9232954,44.7854769,0
14.1897139,45.015046,0
14.2913374,45.2823623,0
14.5467695,45.2746316,0
14.379228,45.0829623,0
14.6786055,45.0111627,0
14.7088179,44.8283475,0
14.7774824,44.6195414,0
15.0274214,44.4237143,0
15.0384077,44.1622444,0
15.8761153,43.5940545,0
16.1068281,43.460631,0
16.3540205,43.5462949,0
16.8621382,43.3808344,0
17.7685103,42.8052112,0
19.0456709,42.1386999,0
19.1335615,41.9347071,0
19.367021,41.8508809,0
19.5977339,41.7997133,0
19.5098433,41.55354,0
19.3944868,41.3146779,0
19.5098433,41.2857903,0
19.3368086,40.7095175,0
19.2983565,40.4069464,0
19.8751387,40.0168206,0
20.1470503,39.6477185,0
20.2184614,39.3955973,0
20.6936201,38.9783462,0
20.6496748,38.8394256,0
20.9743665,38.6761015,0
21.0347913,38.5000586,0
21.0938428,38.4946847,0
21.1364148,38.3095772,0
21.2737439,38.3472828,0
21.3506482,38.4301661,0
21.4646314,38.3494368,0
21.5003369,38.2815546,0
21.6211866,38.3472828,0
21.7543958,38.3235844,0
21.7804883,38.3698968,0
21.8834851,38.3688201,0
21.9576429,38.4097232,0
22.1773694,38.3268165,0
22.255647,38.3462058,0
22.37375,38.3246618,0
22.4382947,38.4376963,0
22.5563977,38.2772424,0
22.5975965,38.3128098,0
22.6168225,38.3515908,0
22.7884839,38.2804766,0
22.7568982,38.240579,0
23.0452893,38.1650372,0
23.1359265,38.1779928,0
23.2210706,38.1304777,0
23.1414197,38.0753647,0
23.0178235,38.0645534,0
22.9189466,38.0656346,0
22.8598951,38.0245375,0
22.9134534,38.0158825,0
22.9670118,37.968262,0
22.925813,37.9325263,0
22.8379224,37.9585176,0
22.7623914,38.0158825,0
22.6593946,38.0613096,0
22.5289319,38.138039,0
22.4135755,38.1488395,0
22.2199414,38.1898667,0
22.1402906,38.2427362,0
22.0839856,38.2891002,0
21.9439099,38.3451287,0
21.7406629,38.2988005,0
21.6884778,38.1725949,0
21.562135,38.1520793,0
21.3739942,38.2190036,0
21.3465284,38.1077892,0
21.227052,37.9574348,0
21.1501477,37.947689,0
21.1130689,37.9076093,0
21.1309217,37.8295538,0
21.2819837,37.7763854,0
21.2957166,37.6623243,0
21.3643811,37.6503649,0
21.5484021,37.5480877,0
21.628053,37.4565722,0
21.7049573,37.3671274,0
21.6719983,37.2797614,0
21.5731214,37.1769765,0
21.5538953,37.0828167,0
21.6582654,36.9687925,0
21.6829847,36.8853589,0
21.6115735,36.7952362,0
21.7598889,36.7776389,0
21.8834851,36.7204197,0
21.9274305,36.8084315,0
21.9384168,36.9512351,0
22.0098279,37.0236332,0
22.1087049,36.9797638,0
22.1444104,36.8721769,0
22.3009656,36.8216246,0
22.3504041,36.6278987,0
22.3531507,36.506572,0
22.48224,36.4027419,0
22.4794934,36.457988,0
22.4657605,36.6212857,0
22.5728772,36.7182181,0
22.6607679,36.7974356,0
22.7816175,36.7710388,0
23.0260633,36.4447325,0
23.1908582,36.4535697,0
23.1276868,36.4977408,0
23.0150769,36.6961988,0
23.1057141,36.7402312,0
23.0150769,37.0455583,0
22.7074598,37.5371989,0
22.9326795,37.5045229,0
23.1633924,37.2819468,0
23.2705091,37.3845884,0
23.468263,37.3998635,0
23.5067151,37.4827309,0
23.1688855,37.639491,0
23.152406,37.8219607,0
23.0233167,37.8328078,0
23.0095838,37.9021915,0
23.5341809,38.0385996,0
23.7401746,37.8132818,0
23.8390515,37.811112,0
23.9516614,37.632966,0
24.0862439,37.7025373,0
24.0422986,37.8783482,0
23.9983533,38.1099503,0
24.0670179,38.131558,0
23.9763806,38.2545996,0
23.6879895,38.3558985,0
23.6330579,38.4054187,0
24.0615247,38.3774332,0
24.32245,38.0104726,0
24.5421765,37.9541864,0
24.5971082,38.1574787,0
24.5202039,38.1272369,0
24.3334363,38.1682763,0
24.2482923,38.2438148,0
24.171388,38.3881981,0
24.1961072,38.5129544,0
24.0697644,38.654656,0
23.7923597,38.7211162,0
23.6220716,38.7532522,0
23.4710096,38.8688221,0
23.4298108,38.9671226,0
23.2787488,39.0226235,0
22.8859876,38.8559903,0
22.6278089,38.82818,0
22.5289319,38.8602678,0
22.7898572,38.8795136,0
23.0123304,38.9863394,0
22.9793714,39.0311582,0
22.8887342,39.1249723,0
22.850282,39.2484456,0
22.9519056,39.3058505,0
23.0535291,39.3058505,0
23.1716321,39.2314277,0
23.2402967,39.1356251,0
23.3034681,39.1228415,0
23.3556531,39.1909936,0
23.1249402,39.479903,0
22.9052137,39.5985185,0
22.8640149,39.7718395,0
22.5509046,40.1129742,0
22.6525281,40.3645691,0
22.6113294,40.4273217,0
22.6305555,40.4900158,0
22.7294324,40.5422162,0
22.8750013,40.6089734,0
22.9711316,40.5902047,0
22.9464124,40.5317794,0
22.817323,40.5067244,0
22.8942273,40.3896772,0
23.1221936,40.2703306,0
23.3034681,40.2221135,0
23.3117078,40.1444747,0
23.3309339,39.9615688,0
23.4215711,39.967884,0
23.553407,39.9173455,0
23.6962293,39.9025981,0
23.6907361,39.9573583,0
23.619325,40.0015556,0
23.4957288,40.0394163,0
23.4215711,40.1276763,0
23.3583997,40.1696646,0
23.3831189,40.2514671,0
23.6770032,40.217919,0
23.7154554,40.1549716,0
23.836305,40.0183852,0
23.9599012,39.9552529,0
24.0148328,40.0162817,0
24.0038465,40.098269,0
23.8829969,40.1696646,0
23.7648938,40.1990409,0
23.7017224,40.2619475,0
23.7511609,40.3310772,0
23.8253186,40.3582906,0
23.9296888,40.3059473,0
24.0065931,40.3143249,0
24.1082166,40.2996633,0
24.1768811,40.2158217,0
24.3032239,40.108773,0
24.3966077,40.1318763,0
24.3636487,40.2011388,0
24.2592786,40.2870937,0
24.1658948,40.3457319,0
24.0285657,40.3771243,0
23.9296888,40.3729395,0
23.8115857,40.4356843,0
23.8390515,40.5088126,0
23.7923597,40.5964615,0
23.7154554,40.6402429,0
23.7127088,40.7672546,0
23.9653943,40.6860783,0
24.1988538,40.7485304,0
24.3471692,40.8628737,0
24.4515393,40.9459088,0
24.5559095,40.9251598,0
24.6108411,40.8587193,0
24.7673963,40.8566419,0
24.8772596,40.9085559,0
25.2260755,40.9459088,0
25.4815076,40.8836423,0
26.0198377,40.8275523,0
26.0500501,40.6131435,0
26.3054822,40.5756031,0
26.6350721,40.6339901,0
26.7504285,40.5756031,0
27.0525525,40.5672579,0
27.3024915,40.7027379,0
27.502992,40.9376099,0
27.7419446,41.0122617,0
27.9479383,40.9459088,0
28.0358289,41.0412701,0
28.2280896,41.0661243,0
28.6730359,40.9625032,0
28.9339612,40.9645773,0
29.0026258,41.0578406,0
29.1948865,41.2191842,0
28.9531873,41.256361,0
28.0962537,41.5447915,0
27.9754041,42.1015075,0
27.7227185,42.3780491,0
27.5249646,42.5239627,0
27.8655408,42.6695362,0
27.8765271,42.9677024,0
28.1292127,43.3843154,0
28.4148572,43.3204061,0
28.6016248,43.4720808,0
28.6895154,44.405555,0
28.9751599,44.7420748,0
29.6672986,44.84343,0
29.6782849,45.5479322,0
30.3374646,45.9771374,0
30.6670545,46.4560473,0
31.2822889,46.6449336,0
31.754701,46.5241221,0
31.8755506,46.4863133,0
31.8425916,46.2589081,0
32.32599,46.0763021,0
33.0840467,46.114395,0
33.7102674,45.9542279,0
33.2488416,45.7706114,0
32.4138806,45.3938444,0
32.8753064,45.278002,0
33.6004041,45.0688886,0
33.3696912,44.5466607,0
34.0178846,44.3741518,0
34.501283,44.6874252,0
35.1165174,44.8356398,0
35.5559705,45.0999168,0
35.907533,45.0300796,0
36.3359998,45.0611289,0
36.5337537,45.2006421,0
36.5007947,45.440115,0
36.1712049,45.4092721,0
35.9295056,45.447823,0
35.5779431,45.2238612,0
35.0835584,45.3243674,0
35.0835584,45.5633178,0
34.7979139,45.8318843,0
34.7979139,46.0610575,0
35.1165174,46.2589081,0
35.5120252,46.4711824,0
36.2810681,46.6298469,0
36.8193982,46.7127718,0
37.313783,46.8632184,0
37.7532361,47.0731373,0
39.3856475,47.1990793,0
39.0011261,47.0346018,0
38.0782745,46.7417783,0
37.7486846,46.6362721,0
38.1771514,46.3640241,0
38.1222198,46.06755,0
37.759671,45.8001204,0
37.7047393,45.4929073,0
37.2652862,45.3232219,0
36.8258331,45.4775024,0
36.6610382,45.3463908,0
36.9356964,45.1452784,0
37.3092315,44.8344844,0
38.5177276,44.3258499,0
40.3084991,43.1992072,0
47.5265167,43.295237,0
47.601214,43.7640269,0
47.4693781,43.9857738,0
47.0299249,44.6147884,0
47.0738703,44.9578736,0
47.4254328,45.3915781,0
48.0406671,45.6071918,0
48.9635187,45.9137793,0
49.8863703,46.6427181,0
50.3697687,46.9135709,0
51.1607843,47.0634562,0
52.0836359,47.0035525,0
52.7867609,46.7632653,0
53.0064874,46.1578364,0
53.5777765,45.8831963,0
54.1930109,45.7913465,0
54.7203546,45.1751387,0
54.3248468,44.9267683,0
53.5777765,45.2679996,0
52.9625421,45.3915781,0
51.819964,45.5764404,0
51.2486749,45.1751387,0
51.0289484,44.7085593,0
50.4576593,44.6773192,0
50.4576593,44.3953999,0
50.9410578,43.7640269,0
51.2047296,43.2860772,0
51.6002374,43.0296227,0
52.4351984,42.6429238,0
52.4351984,41.8949931,0
52.7428156,41.9930524,0
53.5338312,42.0909609,0
54.3248468,41.4683278,0
54.632464,40.8064024,0
54.0172296,40.6732164,0
53.0943781,41.0719741,0
52.6988703,40.4394995,0
53.3141046,39.7334611,0
53.6217218,38.2304934,0
53.7975031,36.8717924,0
52.2594171,36.7310416,0
50.7652765,36.9771857,0
49.6666437,37.5716567,0
48.9195734,38.8149664,0
49.2711359,39.7334611,0
50.1500421,40.4060448,0
49.4029718,40.7398428,0
48.5680109,42.0583415,0
47.601214,43.1900329,0
40.2843195,43.1259193,0
40.7896906,43.0296227,0
41.0533624,42.8687923,0
41.3939386,42.7640271,0
41.5587335,42.5215842,0
41.7345148,42.0338659,0
41.4488703,41.4847903,0
40.1414972,40.9310221,0
39.5042902,41.1133732,0
37.5816828,41.0139715,0
36.9994074,41.2952191,0
35.9007746,41.7312259,0
35.4503351,41.7476214,0
35.2635675,41.9767197,0
33.3739191,42.0583415,0
32.1544367,41.7066247,0
31.2755304,41.0471221,0
30.6163507,41.1960931,0
30.089007,41.0968167,0
29.352923,41.2952191,0
29.0453058,41.0554071,0
29.1551691,40.7481664,0
28.5399347,40.3223352,0
27.3753839,40.4562206,0
26.7491632,40.5481124,0
26.2767511,40.0789899,0
26.0020929,39.5981482,0
26.0899835,39.4880114,0
26.7271906,39.3352259,0
26.8919855,38.8748631,0
27.0018488,38.5662864,0
26.7162042,38.3598291,0
27.210589,37.9884504,0
27.1336847,37.6934642,0
27.2325617,37.1437603,0
27.7818781,37.0122845,0
28.3641535,36.8805808,0
29.0233331,36.5723879,0
29.4078546,36.1743259,0
30.3636652,36.1299712,0
30.4845148,36.5282594,0
30.9569269,36.836629,0
31.8578058,36.5723879,0
32.7037531,35.9789776,0
34.0550714,36.3072395,0
34.7362238,36.7574521,0
35.1756769,36.510601,0
35.582171,36.5547395,0
35.7249933,36.7310416,0
35.9776789,36.8630031,0
36.1534601,36.6076725,0
35.7799249,36.3780343,0
35.9117609,36.156587,0
35.7579523,35.6046947,0
35.9227472,35.309381,0
35.9447199,34.8147888,0
35.7249933,34.3807033,0
34.7911554,32.1208178,0
34.241839,31.2795768,0
33.1102472,31.1386307,0
32.4290949,31.2138281,0
32.5938898,29.8988462,0
32.9784113,29.1244218,0
33.5167414,28.3151098,0
34.1209894,27.684591,0
34.4835382,28.0051617,0
35.0658136,28.0342574,0
35.5570194,27.5827757,0
37.117078,25.082102,0
37.4906132,24.333569,0
38.1058476,24.073034,0
38.8529179,23.1267065,0
39.1056034,21.2857768,0
39.8416874,20.3719073,0
40.9622929,19.5665041,0
41.1600468,18.7674594,0
42.1158573,17.7136158,0
42.6871464,16.7166872,0
42.6871464,15.3228481,0
43.1815312,13.9303198,0
43.1815312,13.2896536,0
43.6319706,12.6365708,0
44.9283573,12.7758954,0
45.3568241,13.1506163,0
47.2354862,13.4927184,0
47.76283,13.9836297,0
48.6197636,14.0369272,0
49.0482304,14.4947701,0
52.2342655,15.5240707,0
52.2452519,16.179316,0
53.6734745,16.8744523,0
54.9149296,16.9375215,0
55.3543827,17.7345454,0
56.2772343,17.8600722,0
56.9144413,18.7570568,0
57.8482792,19.0065398,0
57.7164433,19.6803348,0
58.0570194,20.4336899,0
58.4964726,20.3822062,0
59.5291874,21.5005932,0
59.8587773,22.5191391,0
58.7052128,23.5403055,0
57.8922245,23.6812383,0
56.804578,24.2334263,0
56.4420292,24.8929,0
56.3431523,25.6380455,0
56.4200566,26.1618335,0
56.2442753,26.2308387,0
55.1346562,25.1616788,0
54.2447636,24.2234077,0
52.684705,24.1632794,0
51.8936894,24.0329045,0
51.8497441,24.2634774,0
51.5531132,24.2434441,0
51.3333866,24.473636,0
51.6080448,24.9925163,0
51.6190312,25.8359744,0
51.1905644,26.2111271,0
50.7950566,25.5191304,0
50.8390019,24.7333467,0
50.476453,25.3405366,0
50.0699589,25.9842042,0
50.2677128,26.1815534,0
49.7953007,27.1632601,0
49.0042851,27.5438182,0
48.2022831,29.1871621,0
47.795789,29.4362351,0
48.2791874,29.713328,0
48.8394901,30.0086873,0
49.0592167,30.2462419,0
49.4986698,29.9515892,0
49.938123,30.1987767,0
50.9268925,28.860537,0
51.1905644,28.0879601,0
52.4649784,27.4366138,0
53.5416386,26.7617832,0
54.8490116,26.5064494,0
56.0025761,27.0361176,0
56.804578,27.0850356,0
57.3868534,25.6974588,0
61.8363163,25.0422942,0
64.3192265,25.2412036,0
66.5164921,25.4497087,0
66.7252323,24.8929,0
68.4281132,23.3588841,0
69.3509648,22.7422284,0
70.4605839,22.9346039,0
69.6475956,22.4886899,0
68.85658,22.3160177,0
70.7462284,20.6600134,0
71.66908,20.8860002,0
72.0975468,21.1423911,0
72.2623417,21.4699245,0
72.306287,21.8273225,0
72.4161503,22.2346861,0
72.5589726,22.1736564,0
72.5589726,21.4187956,0
72.8556034,20.6600134,0
72.7127812,20.1038975,0
72.7677128,19.089618,0
73.4818241,16.0526611,0
74.4266483,14.4203011,0
74.7891972,12.8401733,0
75.7559941,11.2931482,0
76.4701054,8.935526,0
77.2061894,8.0989161,0
77.8433964,8.1097927,0
78.1510136,8.5554759,0
78.1400273,8.9138193,0
78.766248,9.1308272,0
78.9200566,9.4452532,0
79.0409062,9.7485649,0
79.2166874,10.105685,0
79.4144413,10.2678821,0
79.7879765,10.2354493,0
79.8978398,10.3759674,0
79.8538944,12.003308,0
80.5130741,13.1399179,0
80.2603886,13.5140836,0
80.1944706,13.9729687,0
80.1944706,14.4947701,0
80.10658,15.2910583,0
80.6009648,15.7991098,0
80.875623,15.6616366,0
81.1392948,15.9259255,0
81.3480351,16.2426131,0
81.7984745,16.2847999,0
82.3697636,16.527197,0
82.2599003,17.1161025,0
83.2157108,17.6403426,0
83.9078495,18.1735004,0
85.2481816,19.452593,0
86.368787,20.0006942,0
87.0279667,20.6600134,0
86.8411991,21.255063,0
87.5772831,21.5721284,0
88.1046269,21.5210354,0
90.5765507,21.694678,0
91.5872929,22.5495817,0
92.1366093,20.8757355,0
93.3231327,19.452593,0
94.202039,18.7050346,0
94.3997929,17.7554727,0
94.0482304,16.0104248,0
94.7953007,15.6933694,0
95.608289,15.6933694,0
96.1356327,16.2426131,0
96.882703,16.6009099,0
96.9046757,17.3364661,0
97.6737187,15.8889458,0
97.7616093,14.9038991,0
98.1681034,13.8076604,0
98.656995,12.7705382,0
98.5800907,11.8205624,0
98.7998173,11.2231112,0
98.420789,10.7809518,0
98.5361454,10.0894607,0
98.3438847,9.3151801,0
98.1955692,8.8541194,0
98.2779667,8.5391794,0
98.1955692,7.968374,0
98.420789,7.7507116,0
98.5745976,8.3272625,0
99.7171757,6.8953276,0
100.3763554,5.9236681,0
100.195081,5.4918607,0
100.6938702,3.9928909,0
101.6936261,2.5780201,0
101.3640362,2.0291497,0
100.9795148,2.1169828,0
100.5400616,2.1828544,0
99.7710187,3.1047137,0
98.7822491,3.3460299,0
98.0791241,4.2668356,0
98.1230694,4.6611429,0
97.1342999,5.2959426,0
96.2553937,5.3396988,0
95.2666241,5.6677687,0
95.3764874,5.0333414,0
96.3432843,3.9380908,0
97.2221905,3.1485936,0
97.639671,2.2706786,0
98.6723858,1.8315081,0
99.0898663,0.2058431,0
99.8589093,-0.0798009,0
101.924339,-3.5711389,0
104.1216046,-5.739125,0
104.7148663,-5.6516683,0
105.2202374,-5.6079349,0
105.5498273,-5.8921419,0
105.5498273,-6.3946091,0
105.4839093,-6.8093203,0
106.2090069,-7.0492539,0
106.143089,-7.3762352,0
106.8901593,-7.6158686,0
107.9668194,-7.8553681,0
108.6479718,-7.6812001,0
109.5049054,-8.0294631,0
110.4277569,-8.2252307,0
111.1748273,-8.3774278,0
111.8779523,-8.4861035,0
112.7568585,-8.3774278,0
113.3501202,-8.4861035,0
113.9653546,-8.7250815,0
114.2949444,-8.3774278,0
114.7783429,-8.6599207,0
115.5473858,-8.507835,0
115.4375226,-8.1817351,0
114.9321515,-8.1817351,0
114.4707257,-8.0512198,0
113.8994366,-7.7029751,0
112.6909405,-7.3108579,0
113.2622296,-7.3544438,0
114.2290265,-6.9402083,0
113.5259015,-6.8093203,0
111.8559796,-6.8093203,0
110.4936749,-6.2635768,0
110.1860577,-6.8747688,0
108.6699444,-6.8529536,0
108.5600812,-6.3072579,0
107.3735577,-5.8484271,0
105.8134991,-5.9358533,0
105.978294,-4.0973004,0
105.8244855,-3.5821038,0
106.1540753,-3.198256,0
105.8684308,-2.8032912,0
105.5388409,-2.4081932,0
105.0774151,-2.3203774,0
104.6928937,-2.0349394,0
104.4511944,-1.5847258,0
104.3742901,-1.0575241,0
109.4389874,1.9193517,0
109.1313702,1.3812469,0
108.8786847,0.7331673,0
109.0874249,0.0080897,0
109.0544659,-0.365443,0
109.3510968,-0.7829016,0
109.4719464,-1.321139,0
109.7685773,-1.0245706,0
110.0761944,-1.1893347,0
110.1201398,-1.9800415,0
110.295921,-2.9569055,0
110.6474835,-3.066617,0
111.1967999,-3.0227337,0
111.7241437,-2.8636422,0
111.8065411,-3.5985509,0
112.3119122,-3.329878,0
112.4986798,-3.4779317,0
112.9326398,-3.2585849,0
113.0260235,-3.0721023,0
113.6137921,-3.1543782,0
113.5753399,-3.4888977,0
114.0532452,-3.3737481,0
114.5641095,-3.5492086,0
114.5915753,-4.261657,0
116.0033185,-3.5492086,0
116.019798,-4.1027795,0
116.2614972,-3.9603107,0
116.3933331,-3.6807822,0
116.3988263,-3.4176163,0
116.1955792,-3.2037405,0
116.2395245,-3.0556464,0
116.525169,-2.6112452,0
116.6130597,-2.1996218,0
116.4702374,-2.0514084,0
116.4482648,-1.829063,0
120.0435406,0.6233117,0
119.8128277,0.1728843,0
119.8402936,-0.0578283,0
119.7578961,-0.2775538,0
119.7853619,-0.6291047,0
119.7029645,-0.7334675,0
119.5161969,-0.8982456,0
119.318443,-1.1344143,0
119.285484,-1.299172,0
119.2744977,-1.6725809,0
119.351402,-1.9196517,0
119.1921002,-2.0788564,0
119.1316754,-2.2819562,0
119.0273053,-2.4685633,0
118.9449078,-2.5673447,0
118.8240582,-2.6386822,0
118.7196881,-2.7648845,0
118.8350445,-2.8526695,0
118.8075787,-3.0721023,0
118.7910992,-3.3408457,0
118.9064557,-3.5821038,0
119.016319,-3.543726,0
119.2085797,-3.4340663,0
119.3294293,-3.4450329,0
119.4832379,-3.5053466,0
119.4777447,-3.5875862,0
119.4283063,-3.7027093,0
119.4832379,-3.8342601,0
119.5656354,-4.0589456,0
119.6040875,-4.2123537,0
119.5711285,-4.4697915,0
119.5326764,-4.6942912,0
119.4832379,-4.9132458,0
119.3568951,-5.1758962,0
119.3404156,-5.3618745,0
119.5326764,-5.6079349,0
119.7414166,-5.7281937,0
119.8787457,-5.6079349,0
120.1149518,-5.558731,0
120.3841168,-5.6735337,0
120.4939801,-5.5423288,0
120.2797467,-5.0938294,0
120.4555279,-4.6942912,0
120.3731305,-3.9657907,0
120.4775006,-3.7575245,0
120.3676373,-3.2695534,0
120.2083356,-2.9623913,0
120.6422955,-2.6551441,0
121.0487897,-2.6606313,0
121.0762555,-3.1763173,0
120.8510357,-3.4450329,0
121.3014752,-3.9274298,0
121.5926129,-4.0918213,0
121.5157086,-4.267135,0
121.3783795,-4.568361,0
121.7903668,-4.8858804,0
122.065025,-4.8694606,0
122.097984,-4.6012145,0
122.5099713,-4.4150249,0
122.8889996,-4.409548,0
122.834068,-4.0534662,0
122.2792584,-3.5930686,0
122.3781354,-2.9953058,0
121.828819,-2.325866,0
121.5376813,-2.1117934,0
121.6090924,-2.0020009,0
121.8233258,-1.7274884,0
122.2243268,-1.6890533,0
122.7791363,-0.980632,0
122.9988629,-0.8927531,0
123.2954938,-1.0904773,0
123.3614117,-0.9751396,0
123.4218365,-0.7389602,0
123.2185895,-0.519247,0
122.7626568,-0.7114965,0
122.2682721,-0.7829016,0
121.8727643,-0.980632,0
121.5431744,-0.8268426,0
121.1586529,-1.3705638,0
120.8894879,-1.3980216,0
120.4445416,-0.9916167,0
119.988609,-0.4698103,0
120.1424176,0.1783775,0
120.4665143,0.496975,0
121.3179547,0.4365522,0
123.0098492,0.5299327,0
123.2405621,0.2827467,0
124.3007428,0.4145802,0
131.9395806,-0.5736318,0
131.4781548,-0.8592537,0
130.6651665,-1.3205948,0
131.6319634,-1.5402527,0
132.2471977,-2.2649458,0
133.895147,-2.3966726,0
133.0821587,-2.4405788,0
132.2911431,-2.6600876,0
133.0382134,-4.1296316,0
133.6754204,-3.4938374,0
134.6202446,-4.3049368,0
137.5206352,-5.0057377,0
138.4654595,-6.4268211,0
138.9488579,-7.3430079,0
137.4766899,-7.3430079,0
138.0699517,-8.518162,0
139.8497368,-8.0615587,0
141.2779595,-9.4080307,0
143.035772,-9.2562579,0
143.4093071,-8.6702435,0
144.0684868,-7.6697728,0
145.9361626,-7.9745273,0
147.254522,-9.8412971,0
148.0015923,-10.0793532,0
149.232061,-10.4685187,0
150.1109673,-10.7061031,0
150.7481743,-10.4469111,0
150.2060996,-10.3539368,0
149.8472954,-9.6897172,0
148.6827446,-9.169501,0
147.0347954,-6.9069493,0
147.8477837,-6.7105902,0
147.5621392,-6.0991988,0
145.8922173,-5.3996153,0
146.0899712,-5.0495139,0
144.8155571,-4.0419643,0
140.9044243,-2.2869011,0
139.7838188,-2.4405788,0
138.0040337,-1.4963228,0
136.4000298,-1.9794975,0
136.3341118,-2.5942389,0
135.3892876,-3.2086816,0
134.7081352,-2.8137207,0
134.1368462,-2.6600876,0
134.0709282,-1.6500734,0
134.2467095,-1.0789487,0
133.1700493,-0.5516602,0
124.4908501,0.4151245,0
125.0291802,1.7222418,0
123.6449028,0.8875047,0
121.238897,1.3708079,0
120.4918267,1.0083378,0
116.2821397,-1.9037896,0
117.5895127,-0.9702558,0
117.7433213,0.8314265,0
119.0177354,0.9083219,0
117.8531846,1.896783,0
118.1827744,2.1602894,0
117.7433213,2.6871595,0
117.765294,3.9703641,0
118.7320908,4.4086419,0
118.1717881,4.9451775,0
118.6991319,4.9123404,0
119.2264756,5.2843971,0
117.1720322,6.9011342,0
119.9515733,15.5984987,0
119.9955186,15.2384079,0
120.5008897,14.6227171,0
120.6327256,14.0692449,0
121.0941514,13.6852821,0
121.5995225,13.8560106,0
122.3246201,13.3648329,0
123.1815537,12.2292291,0
123.7088975,11.8639206,0
124.1483506,11.3689023,0
123.8627061,11.1534062,0
123.5990342,10.9377502,0
123.1815537,10.9593229,0
123.0936631,11.4765895,0
122.4784287,11.5411821,0
121.4457139,13.2365334,0
121.2919053,13.3648329,0
120.9842881,13.4289572,0
120.5008897,13.3434544,0
120.7645615,12.7655278,0
121.2919053,12.1862776,0
121.5336045,12.8298083,0
122.0829209,11.9714158,0
122.0609483,11.4335195,0
121.9291123,10.5491758,0
122.4784287,10.2466107,0
122.5663194,9.6406212,0
122.4344834,8.0775142,0
122.0389756,6.9447591,0
123.1815537,7.7728355,0
123.9725694,7.4679354,0
124.06046,6.3336535,0
124.8954209,5.8529876,0
125.4227647,6.5083321,0
126.6532334,7.4243607,0
125.5546006,9.8138752,0
125.5985459,12.143319,0
123.3133897,13.941328,0
122.0389756,13.941328,0
121.3797959,15.005078,0
122.3465928,17.7034889,0
122.2754662,18.5507127,0
121.5995225,18.7885993,0
120.5887803,18.7053715,0
120.1493272,16.6538855,0
117.1610459,7.1628225,0
113.2059678,3.3125189,0
111.4921006,2.8737071,0
110.8329209,1.5563619,0
109.5585069,2.0834378,0
104.37296,-0.9263165,0
103.8016709,-0.7066123,0
103.669835,0.4579157,0
101.5824326,1.8199191,0
101.7362412,2.3688665,0
103.6478623,1.2927718,0
104.3290147,1.688145,0
103.4940537,3.2905828,0
103.2743272,5.0217911,0
101.5824326,6.8356893,0
100.6376084,7.0756095,0
99.8246201,9.3372134,0
99.2753037,9.3155312,0
99.2533311,10.5059702,0
99.9784287,12.1003535,0
99.8465928,13.2793075,0
100.5057725,13.5144295,0
102.8568467,11.6918402,0
103.0106553,10.8514437,0
104.8343858,10.0952192,0
104.8783311,8.208021,0
105.8231553,9.1637182,0
106.5921983,10.0303152,0
107.4051865,10.16011,0
108.6356553,11.045598,0
109.3827256,12.1218371,0
109.2728623,14.1757877,0
108.7015733,15.429122,0
105.6254014,18.7885993,0
105.7352647,19.6599793,0
108.1742295,21.490702,0
109.99796,21.6950086,0
109.5145615,20.7117365,0
110.569249,20.3619413,0
110.701085,21.3065805,0
114.5023545,22.7121566,0
116.5897569,22.8539647,0
119.8856553,26.1917314,0
121.0502061,27.8359765,0
122.4564561,29.8376034,0
121.819249,31.0687535,0
121.951085,31.9118921,0
120.0614365,34.3405418,0
119.3143662,35.0631041,0
120.9183701,36.4361412,0
122.522374,36.7360751,0
122.3685654,37.3673714,0
121.2699326,37.7331971,0
120.3910264,37.5592183,0
120.2152451,37.1750327,0
119.006749,37.0348416,0
119.0506944,37.4720762,0
119.1605576,38.1663583,0
118.0619248,38.0626326,0
117.6224717,38.5282368,0
117.8641709,39.1102939,0
118.6332139,39.0249958,0
119.2264756,39.5352364,0
120.1493272,40.0249303,0
121.5775498,41.0104208,0
122.0389756,40.5278375,0
120.9183701,39.1954888,0
121.4237412,38.6827735,0
122.7421006,39.5860559,0
124.3461045,39.8395946,0
125.3568467,39.3315862,0
124.6756944,38.2354269,0
125.3568467,37.6462586,0
126.0599717,37.906768,0
126.5653428,37.2625203,0
126.1918076,36.9470905,0
126.5433701,35.8684064,0
126.1918076,34.4130817,0
128.9383897,35.045117,0
129.5755967,35.5651291,0
129.4657334,37.157523,0
128.3671006,38.6999237,0
127.4881944,39.1273411,0
127.6200303,39.7044899,0
129.7294053,40.8111563,0
129.5096787,41.6374587,0
130.1249131,41.8833114,0
131.9266709,43.3066404,0
133.201085,42.6152119,0
135.3763779,43.5460075,0
138.1339463,46.3899935,0
140.1774033,48.445097,0
140.3751572,48.9129762,0
140.534459,49.4872615,0
140.4795274,50.6994565,0
140.7651719,51.2528457,0
140.8420762,51.5065608,0
141.0837754,51.7248569,0
141.4078721,51.935331,0
141.4792832,52.1279643,0
141.5342149,52.2189221,0
141.3804063,52.2357457,0
141.1606797,52.3734592,0
141.1222276,52.4806455,0
141.2540635,52.5207731,0
141.204625,52.9796128,0
141.4298447,53.1874787,0
141.7594346,53.2828259,0
141.9297227,53.0688211,0
141.7814072,52.4806455,0
141.5836533,52.3734592,0
141.6770371,51.7180511,0
142.0340928,51.4655133,0
142.2263535,51.0840706,0
142.039586,50.5670565,0
142.1494492,50.3432235,0
142.006627,48.9995443,0
141.8143662,48.8117902,0
142.2043809,48.0390214,0
141.940709,47.6186127,0
142.0670518,47.1537211,0
141.7814072,46.5300023,0
142.0670518,45.9525318,0
141.874791,45.5115896,0
141.5671738,45.2376174,0
141.8857774,45.0516447,0
141.6660508,44.3331291,0
141.2485703,43.6057013,0
140.4795274,43.2226383,0
140.1499375,42.7726704,0
139.6006211,42.4005901,0
140.1719102,41.9119328,0
140.3696641,41.221481,0
140.1279649,40.4400989,0
139.9961289,39.2593174,0
139.0513047,37.9197693,0
138.6118516,37.4502748,0
137.7109727,37.0304564,0
137.1616563,36.7668844,0
137.0298203,37.0304564,0
137.1836289,37.5374423,0
136.8540391,37.3979254,0
136.7661485,36.9953661,0
136.1948594,36.2547363,0
135.9311875,35.5964021,0
135.2939805,35.5785333,0
134.6787461,35.6856862,0
133.6680039,35.5785333,0
132.8769883,35.5070184,0
132.1518906,35.0945718,0
131.426793,34.6258036,0
131.1191758,34.3722857,0
130.8335313,34.1907302,0
130.3281602,33.7351299,0
130.020543,33.5155768,0
129.4053086,33.3505454,0
129.8447617,33.0563826,0
130.3501328,32.502173,0
130.0425156,32.2423639,0
130.3501328,31.6083027,0
130.8115586,31.7018209,0
131.1191758,30.8945033,0
131.4707383,31.6083027,0
131.7783555,32.5392276,0
131.7783555,33.1300159,0
131.0312852,33.826445,0
131.8223008,33.9905667,0
132.6352891,33.8081898,0
132.3716172,33.1668095,0
132.767125,32.8166491,0
133.4482774,33.4422683,0
134.1294297,33.2770974,0
134.942418,34.0998055,0
135.7773789,33.4055907,0
136.7661485,34.53535,0
138.8315781,34.6800285,0
139.9082383,34.8605217,0
140.8091172,35.7213719,0
140.5015,36.3786684,0
141.0947617,37.1005885,0
140.9409531,38.1620393,0
142.0835313,39.7002637,0
141.0288438,41.9446274,0
140.4575547,42.1567331,0
140.3916367,42.5464512,0
141.0068711,42.3031606,0
141.6440781,42.562637,0
143.248082,42.0426103,0
144.083043,42.8532634,0
145.3354844,43.1906071,0
145.5112656,44.3174102,0
144.72025,43.923069,0
143.6216172,44.1284549,0
141.973668,45.5308334,0
142.2373399,46.0974693,0
142.9184922,46.7336935,0
143.5117539,46.1431601,0
143.6655625,46.4619349,0
142.5229844,47.8955806,0
143.0283555,49.2188956,0
144.3027695,49.147084,0
143.0063828,54.0927832,0
142.5229844,54.4136939,0
142.039586,53.5610697,0
141.2485703,53.1808952,0
140.4795274,54.0670024,0
138.9634141,54.3240905,0
138.523961,53.8342538,0
136.7661485,53.8212853,0
136.8100938,54.6304889,0
135.1841172,54.7067302,0
135.7391365,55.1246652,0
137.7441414,56.1386071,0
138.0847176,56.5162655,0
139.7930916,57.4855164,0
140.040284,57.7004243,0
140.4522713,57.8176441,0
140.8148201,58.3115999,0
141.1499031,58.467077,0
141.5948494,58.6275895,0
142.2045906,59.1047307,0
143.1604012,59.3464436,0
143.4790047,59.3044076,0
143.7866219,59.3884276,0
144.8687752,59.3548445,0
145.9234627,59.4163881,0
145.7971199,59.2370418,0
146.0388191,59.1470133,0
146.3464363,59.2004963,0
146.33545,59.3884276,0
146.4617928,59.455494,0
146.6760262,59.4527022,0
146.6650399,59.3716402,0
147.2033699,59.3492441,0
147.5000008,59.2314219,0
147.8350838,59.2735481,0
147.9614266,59.3968181,0
148.3844002,59.3912247,0
148.4338387,59.2567039,0
148.9282234,59.2173683,0
149.2523201,59.4722399,0
149.082032,59.6114663,0
149.614869,59.7722493,0
150.5981453,59.541925,0
150.922242,59.5725409,0
151.3946541,59.5975695,0
151.6802986,59.3128189,0
151.9769295,59.2454698,0
152.1362313,59.3072116,0
152.2790535,59.2089334,0
151.993409,59.1103714,0
151.4715584,59.1723578,0
151.1309822,59.1075512,0
151.3177498,58.8556201,0
151.6748055,58.8186668,0
152.361451,59.0030395,0
152.8613289,58.8953718,0
153.300782,59.096268,0
153.4820565,59.2173683,0
153.9819344,59.0482728,0
154.7564705,59.135743,0
155.1904305,59.1723578,0
155.20691,59.3408418,0
154.9926766,59.4582855,0
154.2510994,59.6281348,0
154.1961678,59.882685,0
154.4818123,59.882685,0
154.4653328,60.0695867,0
155.877076,60.6939736,0
156.0363777,60.9723916,0
156.6625984,61.2113791,0
156.6955574,61.5036516,0
156.9976815,61.6396352,0
157.3382576,61.673538,0
157.4920662,61.790607,0
158.0358895,61.7256236,0
158.2006844,61.8139674,0
158.8378914,61.8087777,0
158.9532479,61.896883,0
159.3103035,61.9072317,0
159.5629891,61.6657176,0
159.8651131,61.6917779,0
160.0134285,61.8347174,0
160.3814705,61.9485915,0
160.3265389,61.7021959,0
159.9090584,61.3618059,0
159.8651131,60.9270466,0
160.2825936,60.9910443,0
160.3924568,60.5619542,0
163.0731209,61.852862,0
163.2928475,62.5395145,0
164.3914803,62.7515359,0
164.7210701,62.5192428,0
164.281617,62.3871401,0
163.6004647,60.8629201,0
161.9525154,60.3017335,0
156.1517342,56.9411735,0
155.4925545,55.44999,0
156.3714608,51.4770434,0
156.8768318,50.8709142,0
157.9095467,51.6136901,0
158.590699,52.8516567,0
159.5739754,53.2741866,0
160.029908,53.0766418,0
160.0683602,53.1261133,0
159.8266609,53.8159984,0
160.0848397,54.2033608,0
160.700074,54.5138485,0
161.1614998,54.5807588,0
161.2219246,54.4755648,0
161.7602547,54.5234138,0
162.1777352,54.8251586,0
161.8206795,55.1246652,0
161.7767342,55.6333656,0
162.073365,56.0804096,0
162.5018318,56.1875473,0
162.7819832,56.0589462,0
163.0401619,56.0313328,0
163.3752449,56.1967167,0
163.2543953,56.7428782,0
162.8314217,56.7157565,0
162.7929695,57.3938696,0
163.1005867,57.4589329,0
163.3258065,57.7150975,0
163.2324227,57.8176441,0
162.5842293,57.9344841,0
162.4688729,57.7913028,0
162.271119,57.7942306,0
162.0239266,57.9344841,0
161.9964608,58.1641301,0
162.4469002,58.6818821,0
163.0731209,58.9719071,0
163.4027108,59.3044076,0
163.7542733,59.9570222,0
164.984742,59.8468335,0
166.2811287,60.3832763,0
166.0614022,59.7141239,0
167.1820076,60.3180584,0
169.3573006,60.5997292,0
169.7088631,60.1544422,0
170.3680428,59.8468335,0
170.6976326,60.3832763,0
174.6087654,61.7854133,0
177.3773201,62.6255154,0
179.0911873,62.2697926,0
179.5965584,62.846953,0
178.278199,64.3130904,0
178.1463631,64.1794298,0
177.5531014,64.5312763,0
177.7948006,64.6538326,0
178.4759529,64.5784787,0
-179.6563713,65.0460282,0
-179.2608635,65.4690544,0
-179.546508,66.046428,0
-178.4918205,66.2861533,0
-178.7994377,66.046428,0
-178.4918205,65.4781755,0
-177.9425041,65.4142608,0
-176.9317619,65.6146109,0
-176.030883,65.4416719,0
-176.0748283,64.8599815,0
-174.0313713,64.2558865,0
-172.2955314,64.0547366,0
-172.0098869,64.5973368,0
-172.2296135,65.3410241,0
-170.471801,65.5692118,0
-169.6148674,66.3038206,0
176.3226326,69.9618163,0
172.3675545,70.1118519,0
168.500367,70.2608093,0
166.9183358,69.6890134,0
159.7113045,69.3817279,0
160.2386483,70.1417294,0
158.4808358,71.0182669,0
152.2406014,70.874808,0
150.1312264,71.5818015,0
150.0433358,72.2902897,0
143.187867,72.7912772,0