-74.4373936214121,41.66242815499963
-106.32703925763795,63.93628569296627
-39.7340178021801,73.3524441027497
-142.80722685923746,62.505743780982826
-101.54440868176378,20.757791465038288
-81.9261893861724,69.76159082028427
-109.29549625519998,35.31068093057224
-118.35826327608993,54.598711935721894
-90.68965418569523,52.40864658988328
-55.559060578723745,77.27943558559863
-69.63303530825644,56.433744516575686
-24.783979776481047,81.83298901270439
-157.33795235422383,69.79672321562067
-116.048715236174,68.27749372444273
-84.80570750691962,13.907626551586013
-89.82318458642725,31.397423410632562
-93.69434225031654,66.532816110217
-73.47051769532057,80.10584818907051
-88.86407313945283,75.90906298579652
-100.86115694636125,49.665494448075336
-128.8876152784565,56.255401638565615
-115.58389981678101,34.96558708779881
-41.78544044270771,66.23649926602499
-64.5789259343178,46.90373673385258
-157.63878040652756,61.7646423459555
-132.7510837274354,63.537068961386424
-100.75914892695506,75.48949346223571
-70.56718860940968,68.15834057544393
-94.7130701586969,44.17335189815092
-119.83534328189526,44.26909166377292
-39.80330026532347,81.80394820829945
-33.12408585222661,72.97251705476268
-105.67059810332202,44.148868049618784
-90.60744946383032,38.024184552625016
-64.51079817245125,81.1522678250092
-101.02000489861865,30.35689107509658
-82.26578112686914,44.637753229533516
-50.25600074578596,71.06896406423182
-99.38072440325085,56.03635060050651
-149.00724590531442,69.98061055352727
-124.24685908372926,64.78177306162036
-24.685767821626925,70.9185875468529
-77.15340611058501,52.53366604809381
-111.71728515717591,59.55947817134423
-49.97864314327503,77.21919271732115
-113.73826468513504,73.48303349210326
-98.76248328993566,38.64211046443941
-55.687893486914234,51.38156047964066
-110.7931133266067,51.4930643515605
-66.48633770273644,50.787785170259646
-83.27654383047495,35.62184162863831
-80.63220054735284,78.60485342822318
-111.18632382950986,24.88333078784767
-108.77431228055471,67.99601344693302
-114.60422225062283,44.36134082305908
-43.58533855434863,76.8749876758647
-118.97131734246798,72.79676717726501
-118.04071140240673,64.14592311624018
-97.90999517187933,67.87789790792274
-119.95597010468943,39.72978185293637
-148.6917023679037,60.714095978928974
-29.51191605070214,79.5065126251622
-134.83587138785663,67.1611969925396
-86.2345492497345,65.19539051205639
-72.43901889720163,64.5406070998512
-99.30228804664183,17.411943968215972
-121.08301141421813,56.2432729546018
-94.86678753883761,79.84873916608524
-93.40045594154677,71.12518691473183
-75.36451771520821,45.17215403995682
-81.67535053096935,50.71015637587167
-89.30978338572659,55.908479636206756
-104.7227868479231,58.166448390666424
-109.80001277487193,77.29323807927142
-124.16883245845446,72.27290528766835
-49.62068107798671,66.97005078088702
-137.22540614755857,59.56810304980951
-165.1880220945122,61.48038588450771
-57.48789531598005,79.35439437341044
-102.92830621035365,70.0972960138973
-23.569598568495152,74.70264339211316
-103.1446629938282,35.00281458507527
-72.98301967784121,51.15629946354649
-89.37634226481643,18.75955562398225
-43.46895430346238,74.51310027404263
-85.6678068298733,74.00147678427096
-107.60913985833608,30.37272359380879
-94.00769667180023,39.31434705765703
-143.9318403157202,69.72494251269805
-65.78248219001573,65.47700596734661
-73.51282842788905,70.14340301409185
-51.36475077394141,81.32024335077432
-87.99645379750443,45.83091854688572
-104.55171017427406,51.41958273029373
-120.27141495955597,49.133891384712435
-98.6547273115872,62.69458375773207
-18.340798528355492,80.20744696147108
-145.71451016260778,64.29778939707172
-154.04723054094552,68.08405791624233
-37.391249353213766,79.22554151306967
-65.58290600394963,55.116071167489785
-103.20973402200832,65.21452116767993
-104.78114073479895,26.44807307729133
-100.39346320688531,44.18253256792948
-81.57449252017392,28.655310277545144
-48.51328806504033,63.24311573330503
-74.08668647689595,58.34715314937998
-128.66550274892535,69.5865866246649
-81.63364763218935,8.728345550265665
-37.88289938994036,68.62040820669654
-59.010434526536535,48.95852236312235
-161.442301183013,68.75626844030052
-68.84962073721,47.49628106903636
-85.36215462449194,79.3487777372384
-68.03014894514088,80.08512185959863
-110.08782373704986,40.52484322176316
-77.43472764735183,80.69894079533117
-117.87803295146934,61.08089741579627
-110.06491521165938,47.28889501751051
-48.121783840731034,81.48991763436331
-95.67557809508928,32.655283998988764
-125.85163527495926,49.855017921917884
-113.26167521187858,62.57574417895655
-131.11469862045703,57.36448836499961
-151.99988634761968,61.39458899318334
-125.55007609447819,66.42813575115713
-125.79216257592245,59.28227450056716
-87.46277713853823,53.334045777448296
-95.8230061676383,57.01910877443122
-113.63528935936175,29.19462004590187
-112.92750854561349,50.23487938279165
-59.09348772453149,53.063862876314815
-105.12716963313332,67.96160041709967
-83.64196759445728,40.64235481476937
-90.12296158594144,14.819620015614426
-98.38851323580207,26.193057553060804
-79.84588130975798,35.755988626340624
-27.38936997421922,72.89823331270848
-96.78555910082983,77.295479002058
-90.56560743755885,70.4127868859484
-80.03419557164197,72.05223759347206
-116.01573660163099,39.98313331206582
-86.32587496051342,33.68942557938856
-45.180265048895166,71.22703787974096
-140.04158044508367,64.18151521113991
-105.99916305830156,37.775060752300064
-84.46261538889114,53.78395928325006
-72.21783682027498,41.004676225038814
-98.36149812908805,22.10159538636971
-94.51883038457086,51.04925542255443
-111.84358874166172,55.988392568976785
-157.64243070905468,57.28494840279397
-150.72230388417086,66.49580844392138
-108.4234184525717,71.04050364727209
-78.12956187231325,49.18766804931889
-65.77941249710885,77.18536702603859
-98.93843666295984,52.041545668885156
-120.79392316759225,36.61992439567649
-33.941338678516814,79.39272703457843
-119.29079353568011,67.34992726184757
-111.55331721553672,70.105605224655
-94.47591550935559,29.955110545708052
-159.64119014747524,66.30766519539553
-117.22688497983415,46.898904213324165
-114.25135893157939,76.84256619291544
-114.38072704452495,37.43901193084888
-62.257145712769045,79.51485375068128
-45.756595063817166,78.91587542857225
-44.29886348904115,65.34158550083434
-91.61943307794994,78.10710566059342
-143.33776316721625,65.52103984720588
-93.16208450532599,75.07016269959584
-28.097658754732365,82.51212118767187
-73.31477600432811,47.91783435445777
-34.802453069191515,67.288245407055
-101.89444662076991,25.66655500752266
-126.43708115846546,62.448769626467794
-86.67958571327254,71.03431217767724
-89.86588156779422,42.30945001469762
-83.83862621847058,63.597653087738735
-161.75022038542645,61.343532482954934
-101.68093099006214,38.26647241718014
-71.0527759319711,59.737724418728284
-102.74482269227218,78.81114677211386
-105.34588991749507,54.4748705659423
-54.30700254372736,72.88972807218362
-99.08369247838709,41.736563327677935
-100.84027437710529,59.367386975447545
-104.48458802184824,75.65442113604149
-28.351589460578545,69.91867526799268
-95.37119352951882,47.96787888304472
-121.69298140562995,66.07586344621282
-107.04160456841795,58.96841076479238
-76.10310960333204,38.27400385861619
-127.01320054933174,53.36662682743544
-77.11985432515996,41.11788289340727
-32.01912033400928,82.17324993323706
-95.98847951385821,60.98558360204896
-137.1843163849286,62.67554181960432
-24.691556366781555,78.71427333015642
-102.8012924018564,48.05719041058017
-118.87311511262692,51.811655475953515
-85.96938335136967,31.119070860686747
-110.38850960005794,73.86027446921734
-94.10508510347307,53.46306093305772
-81.45180686994331,81.50257802665413
-145.2539696846481,67.51600734046764
-93.45545401417309,35.19351750873092
-69.9586626558878,50.96471103457555
-104.4921206908704,30.609742050547148
-95.44237376129311,69.23285686651525
-102.89587011101918,18.896386792283884
-166.20289908096947,65.0733954752621
-122.03567758238758,59.738371117266574
-82.23783879690863,75.02426274765853
-21.21616830726903,76.71888650855101
-133.96988502064994,56.285921951696565
-99.61050360271369,35.18088048597886
-75.34367691438072,55.089595379631525
-130.22553021558065,60.54263052067713
-34.269120530068875,76.25285841670978
-118.37444305826273,57.80917659594313
-122.507759368627,73.7902499827792
-40.860054560761085,78.70575328066325
-80.56416695214276,46.73676491215786
-75.52157392701403,65.17674222156985
-107.97062105278384,46.68637402713216
-30.878976346791198,77.32159418019671
-134.18544341893718,59.550020761743035
-27.834743704060187,75.34771770571754
-112.36445797610412,32.489088367865335
-101.84859978022124,28.287890679094435
-91.81163421263895,45.24883622491585
-118.37197442637283,34.86346878005565
-100.36290435906952,71.6499843927676
-84.86758117300013,46.73951895310024
-121.87331964487379,53.72715272206309
-145.15526611327215,61.00276277759004
-102.9919778318018,61.7397840481434
-157.30381822023958,64.50105600365703
-123.66862614724802,42.553960892245385
-42.92486395262701,62.40885986934295
-92.74963272529814,57.0072991563789
-90.0069744042805,64.60230509882297
-84.93040226292896,36.88737900156649
-119.95241832430203,75.88201184105205
-47.14221957465186,74.79649747442251
-99.70710712144229,78.88956476783845
-69.2629734094341,64.85605482057258
-101.64719005430881,53.626293771343725
-62.20763727570464,48.757175723032965
-76.77486890411065,78.36836006554297
-47.699251797522756,70.56236361477765
-63.08791899398466,52.26747360125478
-110.286654606985,66.031293468595
-95.8662679665052,36.504445326725666
-116.13675814277215,56.18327634411631
-39.007727943338196,76.11981653205356
-109.66187445511248,32.482574456303595
-57.220298190728,75.67299602027849
-77.77699101488882,59.0449153688803
-138.0575108925993,67.69387866396002
-56.48803764233647,81.15603683374434
-115.67445119424853,32.0093684222524
-86.70621293005692,42.92492988969249
-92.14182099209854,17.73536160774249
-42.99574791720553,68.58491103489511
-140.2916156315357,60.952243306649365
-76.58829468411804,70.77832850213079
-67.32085125993322,62.876274924850435
-165.29228851975893,68.46448678172284
-62.51486092760923,44.41234471285348
-102.4411234659654,41.403274865418425
-109.66923923770705,57.5196965828744
-62.18745612773945,55.840396979567046
-97.11532986786179,45.78370928753232
-91.44851898181727,80.1079273734275
-121.64124461791019,63.103573186546825
-52.44617145070709,67.3744162623488
-90.33307878112394,73.31591743436354
-105.35799425266134,47.89411201068579
-100.09136372215677,32.78822422560813
-137.15817565995937,65.19698649902017
-35.03858359335041,82.70421074373317
-153.92845829165233,64.66411753711273
-87.64625794895596,78.17817148191638
-108.34035738449573,51.92887226482037
-100.45964980267074,65.80220692691051
-106.49223689502618,41.11788879944691
-84.38853828398719,67.98107549529394
-111.63711346382675,39.30942834558378
-43.00111445213973,82.27000163968826
-116.64306490088843,43.29736604156686
-106.08483976204748,70.78610635772455
-114.34150023921367,53.58530248864518
-100.795901039394,23.5662901888967
-97.77956467377648,59.227607105577896
-90.20596450478953,67.41530210167338
-70.43669278627758,80.9791492971344
-151.3888028491585,69.71157912019683
-114.20328410243016,66.61062699858122
-84.45306194787958,10.893788347327082
-87.6530392309272,36.20788358435624
-164.05879879885956,54.9612241334044
-104.38835235761782,21.789556778693793
-72.75183017125954,66.95737839639838
-118.74208797667889,40.95104147860495
-64.83603828528024,58.542048490044905
-115.6497177877086,50.213339760472394
-40.74507674614219,71.05836883311675
-21.794738399912475,80.52587544530385
-78.40824180616174,55.089705955842845
-97.43093350226027,29.223217688313923
-109.89132205580742,61.05213898142314
-98.23839646039602,19.790844312818983
-121.80226619570482,68.82773855945415
-124.83224730810996,69.0892981328089
-86.39283507491035,50.82522230265761
-68.08263181312078,68.73085383563154
-133.1300180133855,68.80780418253629
-79.3435615670481,76.77128957727888
-147.96733969857655,67.67548653669755
-163.356103328534,65.49049024697094
-107.039086907405,25.177148168991486
-82.79293224377822,48.59704028204065
-54.95098541183205,48.74407665102881
-103.65304781426694,45.178466199151366
-100.04555988217942,46.957678701647644
-159.19972236108754,59.97387119577685
-106.43810587486377,78.58947370740991
-46.81786185836062,66.26939063501659
-105.696737290863,60.65326298634264
-92.50691330691818,41.39884376414197
-97.37198253891212,74.16903018940484
-97.19043310279041,53.647328633061264
-86.5109937072872,40.070547560889466
-122.32128564505493,46.99416145669535
-36.18896631780868,72.24180746910079
-87.1881973843175,14.51369599898699
-112.5816864323416,47.4661112126806
-83.28955317052385,31.111630669942315
-20.626743303911326,74.0620678106161
-50.401772795759875,73.63240216454601
-83.1816424791136,77.32942644391589
-80.71676843735895,33.55536932301571
-79.40285224351099,43.18997040097315
-149.2936221008654,63.76737863393777
-34.260797753868665,69.06674500712296
-155.0583270545928,59.9980444690355
-31.219283564269176,73.32369165891046
-53.86337226044322,79.95164541061348
-128.02942907136065,66.70891712896385
-109.5798390279625,28.459586726202755
-142.7677163099233,67.7645844835803
-123.61401307227453,51.776126896433965
-103.39342829590342,72.99476992525759
-59.48216235248448,80.73452796344547
-110.6469273194945,63.577088377807236
-96.0952392139655,40.21000783687292
-39.493689020605956,66.2603879868013
-69.31611261485679,53.877451145033085
-123.79199342594026,56.304312881057626
-79.00692997613018,39.29193801745914
-92.06514509318957,30.536218506050208
-111.97935029330093,36.80080114246206
-114.56470358782282,59.19283589775405
-77.99776299031797,82.55699897073883
-115.94083946626107,70.98179877466666
-139.9855656982134,68.50781197093136
-15.605886661663973,81.4066008591492
-131.34091879142537,68.03884387745568
-63.60525019604252,66.56896237416795
-122.61138742815852,39.06191028321655
-70.7068634224271,44.12301779902137
-121.81580307769977,42.53890877082282
-117.25952267182156,75.74093355746558
-111.50592568173514,44.24175708776907
-102.89732454773872,56.36334388598123
-74.75946263056703,60.990771717595265
-72.81510530249737,55.01213203138687
-94.50072953725963,63.17339088665036
-31.466858946943873,69.76018850466218
-52.54483505534022,76.39377131566826
-114.14945461746635,64.74027179988964
-107.85664155278036,75.0687646790861
-105.84616814114189,33.632534873971444
-70.59140115276259,78.34256924830427
-92.8244223402661,48.62780716250462
-27.141075957224317,79.1375500545152
-76.78800083355824,36.48685205837067
-117.92092087159446,48.69814444241257
-108.33971191538481,43.91214080247714
-60.58482161563202,77.29697987413374
-117.84856853617319,37.53022121703626
-90.63954905080546,34.28003496824485
-90.75899403579828,50.234081744511116
-78.35119681813327,45.36757360831971
-66.30530969803304,45.33966570911219
-88.08410874740022,80.77463568877326
-96.84980698558843,17.062842082923687
-56.18794140226513,-2.28088623829486
-63.99780140497393,-30.371130170258134
-68.59908379022832,-11.322703391434668
-45.29811900470003,-18.091201084348626
-71.85427871584658,2.995428371552368
-73.52989777332553,-51.23300433437548
-58.99797213767397,-16.85360970381847
-49.77471179448919,-6.14621674386658
-61.96973314033684,8.87655636190398
-66.0469898720547,-37.749312391443866
-51.616481252886956,-30.01837997633773
-37.00806111785997,-9.7414707575199
-64.15624883729245,-2.1858806828578263
-76.92521935671014,-5.123798416509015
-65.1371591428258,-23.335205146671207
-55.49933557225018,-20.650156347651556
-69.29001416237948,-43.47872610010515
-56.26960424911209,-10.065670283788613
-49.99795868323747,-11.480039267564486
-55.79928329235891,-33.364532540314215
-68.79052876733425,5.228606454923369
-41.92943787225222,-3.6762503601211467
-74.43570966015488,-11.235738311188586
-70.61380140478089,-32.47317030120664
-58.82803317981864,3.9262221493057474
-64.86146803710487,-14.495297238656857
-59.4860943706137,-26.25077422178918
-77.95318884695506,-0.43172045606107545
-41.67482765119996,-11.45684929295285
-77.0948603670984,6.6743332298634925
-52.993570507405614,-22.020356788756445
-68.98849808162716,-17.771430613588894
-64.45893678270093,-7.232720245071345
-69.20731335726516,-49.63192772453898
-48.332065846656505,-1.3584992041169475
-68.93440286339889,-26.239493040645748
-60.95482763094179,-35.75012556933875
-70.37502972249753,-3.512136942829537
-49.55067375059557,-18.50682054771623
-52.264220416436366,3.1908525981929934
-64.45981587794543,5.831956015508741
-72.2407465746498,10.705792796693814
-53.73556898588724,-15.478478029835719
-57.12519582867512,-5.240028759483769
-68.12103875680417,-54.57335975967416
-72.73268777451183,-37.72933767908058
-72.65363523063445,-15.18147793399008
-46.63808487195203,-20.417840753172403
-72.81074854373796,-8.940017675730495
-65.9815325333288,-33.06121422818464
-46.95877216298422,-9.889318641130242
-41.69864999963259,-20.34887602643593
-60.658745764879,-28.455375084036348
-65.86110052567659,1.1363157375256456
-37.62240141030779,-7.192491716656252
-62.474172935515355,-20.675410066503918
-60.58903531700106,-13.254252628861021
-70.40022465285897,-46.556085054049554
-56.7261383576367,3.861470169776929
-62.33789573710325,-38.631429523015605
-49.253007210461334,-24.886631400481257
-73.70907794316315,-2.213719172783467
-53.50340928306153,-9.399395073737661
-54.22889404070181,-29.64800706863175
-52.34937445216545,-1.3327233214520824
-41.27844385019433,-15.179323671222477
-47.31419928574289,-5.017241547206439
-69.3780876714921,8.89699115955856
-66.32131921203367,-43.388225006155594
-62.009064751766864,-17.941465860357365
-55.62202800786496,-27.024385850664284
-67.39024884097829,-22.428465714468484
-66.50405070277209,-5.187054551177468
-65.80233275144633,-9.733609838800252
-74.43937408445201,-46.97245783306067
-70.62302821945867,-51.70187815917706
-67.75636507101237,-36.08626974062169
-66.42410948701178,-27.77499208531369
-56.94266557482146,-36.73052704998004
-74.84285769976236,9.349639552433956
-59.64994834497656,-1.4092992999677243
-61.71296993772914,-5.28983143387946
-63.8944691454549,9.544898604410907
-75.97414445525983,0.5534316684309708
-60.46212649937144,-31.867532338970637
-62.03343549181832,5.063116755201804
-70.65962957662033,-37.43190931246082
-69.83304613739577,-40.2063000518183
-55.68217069984771,-7.511449985191751
-47.672750509694566,-14.308052166039925
-68.00608917783572,-15.192161675113553
-68.48164507620879,-2.8715782994365195
-62.71326837272879,-11.725730229464997
-57.279915717332635,-21.562034573161935
-74.56546303788336,6.496475214586781
-63.857479993408546,-18.719167479166366
-45.30134807576852,-7.767723202952837
-72.30125274196297,-0.5576130654899263
-67.41659940386353,-31.800482273985658
-42.526954612376564,-8.13673086055187
-53.70122727073369,-25.114962315116184
-60.85541172740107,-25.40296619771852
-73.77498134432214,-5.396865321409836
-39.11661827049647,-11.986327737097685
-56.48128615782939,0.6660883525720074
-70.12961200608407,1.530906058958994
-52.17191608650175,-11.692570718304868
-57.56450249078464,5.895155134012203
-52.44213719248111,-16.952018767502874
-56.0026660471539,-14.90601537086869
-76.37740794290714,3.634812386570321
-65.45374475844719,-40.81659065169045
-49.724194032227494,-27.983133776009353
-50.73706448135368,-13.950053026367051
-71.82687836112073,-11.526162407393294
-61.2622569410288,-9.889184769136925
-63.08760607199322,-0.2799005662123637
-79.46503536745627,-5.938974040368873
-67.21977296177592,-46.950683686214326
-50.6732532838995,-8.938100704990418
-62.183157759784585,2.734556751169187
-69.66953232124341,-23.76418438291779
-41.289229893071465,-5.53866614254232
-62.67817625804263,-15.44013174764696
-66.62063286986998,-25.561487122913917
-60.00125662282548,-4.816769721349827
-52.907185842518786,-19.141656633173376
-70.78436840791703,-53.784877882038124
-70.32616101902586,-9.107451480781746
-50.642221784996465,0.498608133633649
-57.980374353503706,-32.95932102109667
-56.17372626996307,-17.604335012303125
-47.202684811270444,-12.026450954366602
-66.81095537716604,8.837563911792596
-54.201268026481614,-5.691400330342212
-76.23210772577805,-8.359174975168449
-63.907648799055934,-27.549237803527696
-42.35083241706241,-17.989302480688387
-47.05305814768772,-22.438223435313496
-65.29769008191708,-21.027991106372948
-66.15959990207115,5.786900177815369
-58.500272120088454,-8.69267549486818
-44.60146212290857,-13.56484482611535
-63.136153394728794,-31.869255446645443
-39.74218215009519,-18.01460318327676
-68.75962672114778,-34.37848990073343
-72.41711138047604,7.315368725291819
-55.94181899842168,-12.496398813901287
-52.39189768002251,-27.71792014487599
-50.63797324567227,-3.755981090253396
-72.76672755068891,-45.80052557961435
-45.623797213521584,-2.8215408740604904
-70.45168787084306,-27.95748185861065
-62.166613600962414,-22.626843788962177
-47.84530779973764,-7.8900766489068355
-67.70018687550515,-0.13831256948185455
-66.81006283929057,3.1428636387512086
-44.51394699239529,-21.259258740955026
-67.4984374519709,-12.605986785600866
-50.32775763021364,-21.024272064973772
-67.35354203869991,-7.525980605651508
-75.86966167326295,-2.6038957265579317
-70.53563390346866,-14.38720159030919
-43.88980691308262,-4.985719283189729
-75.2545997293406,-13.812218624734026
-65.82980267835674,-17.04558569997772
-63.55524530896828,-24.876535096762023
-79.36518870660443,-1.5775843959989544
-67.52673618921526,-39.85864448975313
-62.21829922080123,-2.3797775768344334
-74.0427602981228,4.215437193156227
-64.27500667471314,-37.72552371463153
-64.45417149889734,-4.787797810135245
-58.61506904033121,-19.127056343565375
-51.473745999695026,-24.08368622817178
-71.67383139525802,-48.64353440965228
-59.187201720216265,-37.926698403400955
-36.25200885812676,-6.016675706552213
-65.90651706035008,-1.974834236842975
-64.1502010176664,-34.85429691355405
-52.88138649934111,-32.13484576803616
-58.35448643755063,-35.48426926727244
-57.07437598760074,-24.510386696785385
-39.1439958749845,-4.411465313642875
-71.12232327320731,-7.211832941530468
-44.74817314959239,-15.421718880535098
-69.23443499737718,-20.881190578186672
-60.20441269397767,6.50381278825202
-60.88907307606477,-16.544957116793977
-71.04830108296215,-30.336807901394348
-77.94363523772162,-3.7156592935796553
-51.79441967392549,-6.828139413891975
-68.91892820804236,-5.882105510152639
-70.10064457781772,4.847648745196
-59.556603629411825,-21.945024596320323
-79.23631755835414,0.8680710743378839
-71.06625433819927,-41.64918354195402
-53.76482221215139,-13.533198976774749
-56.68380181745614,-30.956992123894594
-47.270605472910326,-17.516799111957265
-68.66470964890485,-29.819302620352936
-59.31727839510396,1.438924838061169
-53.81236368027502,-2.6571211043887075
-39.99122851578778,-9.30276550464749
-53.2343352215157,1.154752120799266
-42.06378985768829,-22.05476694029133
-64.76544975930938,-11.879315200540605
-63.69119115023338,-9.408922336606445
-46.591584176616124,-1.5140627681006276
-58.04855015357292,-28.612075988279067
-40.07281621847622,-7.377988270514727
-58.76735280179784,-14.675447296605961
-42.66341822276631,-13.28188757135509
-50.85893425443723,-16.180745993846365
-74.43039766064335,-49.05486023477482
-55.49636096078744,2.5820565094954944
-57.87170593921225,-11.712903078175906
-74.02158280970272,1.981627033223063
-65.13617593439734,7.853099555029324
-60.843556719360336,-7.994644189154803
116.75680742020171,-33.990123608416575
140.87434785275335,-23.86608611788956
123.5565085866883,-21.80265449672233
147.52271358229416,-32.70855450962267
135.60107542467227,-31.464295550329336
131.63231387280806,-15.713667664643213
147.05245945343242,-24.004198189265935
118.97935404888166,-21.752399947706273
124.89654613792061,-28.315016354098507
143.8098764006357,-17.268203128254004
135.02075868962075,-23.2740953500251
116.59017968924516,-25.452668025882115
144.9818254574054,-35.07396121699817
128.05744771669757,-28.151145556466393
142.9643614095211,-29.561150292046587
151.36262589587548,-29.99550426982339
133.73336596818783,-17.80839728131579
129.65096030201863,-23.179406058933623
132.43965958468095,-27.958311970278977
144.80205328984027,-21.095655939346436
135.93354677729383,-16.923315740198394
127.38628415367764,-15.137285882701033
117.98280003969744,-29.200252364708895
146.43659196808065,-37.523607394632876
140.84887513293077,-37.35687638908641
122.9961577449926,-32.635379602167774
146.60140689095417,-25.837475099306594
132.4292099827518,-11.834980797255845
128.96480236471947,-30.667998412968146
140.02089013400732,-30.665973661437828
138.59578173899843,-24.85156461746773
140.43248142271452,-19.412890123105726
123.98351500937102,-25.71349606836139
151.62494930480173,-25.377821714223245
146.10670729768353,-18.65048703277279
115.07631735262876,-27.49297854906614
137.5024281039445,-27.35555240059108
143.6348655492818,-25.834411608099686
142.4984045484273,-13.008318300185747
137.5729257483108,-21.690502389448458
114.44383730099672,-24.282330845995514
121.83254440323677,-20.087928046253083
149.5590465084187,-34.520721568672926
130.56631103493206,-24.729689461709537
119.20167769667506,-33.41152509163578
145.60613846282695,-30.199350920090396
135.1286704339115,-29.058392068401336
127.40193573783075,-17.17141796767227
121.28938654699301,-23.525068124272458
118.63424082705104,-24.982376691501653
120.25825929399359,-26.953143083329028
128.17437642318566,-26.25274536471644
137.32292811819042,-18.833138879667196
129.02784222534456,-21.398177903384777
137.69843813901383,-29.23305713747837
134.01385419147496,-15.954545247281125
142.69873789921928,-34.4122036381964
133.62853966086286,-25.243846559285654
132.58684374818932,-30.786111902525725
136.69111788427134,-33.83720459527553
115.78681383258171,-22.084414959186983
143.78396637703509,-23.409427007866118
134.78411267707034,-12.861092296499962
141.57933841612154,-21.311990640380742
138.43596826327976,-33.2277677661725
124.47207416440412,-19.82479905935595
147.1144724510228,-21.62485123680924
132.7413700122651,-22.199183399875942
142.82695764709862,-19.54343559249908
143.94450878645023,-37.76525994753531
119.8280183098426,-31.24004003626205
130.85322628086215,-26.616733091518693
126.13141320443175,-30.73776365111047
125.94453171523864,-24.031823167698448
148.85610185235768,-30.03170329200355
130.6087008361672,-17.86822084966641
149.43057520575138,-23.237197185197616
115.86231998178614,-29.04264443635144
130.86461031087856,-29.302025706465102
142.25094213375925,-14.982704032491569
144.21767654053357,-15.535297130452266
130.3011357534184,-14.099153226491016
123.21139932348167,-30.589105788234463
148.9096436120952,-26.844210011875784
136.53789188499618,-24.122999265759773
152.45138651439436,-28.132667062850263
134.28803688486792,-26.978826504721674
149.03240835654023,-37.29427347997136
126.63207010075,-20.40363504932774
133.12649704852078,-19.81166587041406
141.00985864950547,-27.44155903787589
116.79041405886345,-31.754929693174915
146.36008537596695,-27.85759817899138
133.0181506111443,-14.084484894780546
141.58658019246514,-17.818914338179233
140.3641043483708,-33.61590670481878
145.13683879671694,-32.46870485054977
124.23323698970117,-17.230933469041958
122.2893853335016,-28.103960349520413
118.12232203458781,-26.88761028378749
97.06048810823042,3.680721655301518
53.60830229648609,47.30025943898121
106.72946277118209,55.486664164105335
177.1354999814488,67.80627066439418
17.168756388317462,50.54500395614186
135.21611298067535,54.59687145489827
78.57375926693972,45.109938225169124
52.221655874402714,29.393067593995287
82.71672778049064,69.16657345613744
105.52306778956884,28.624700105451474
147.15420655859356,-8.553115286800576
84.87102875497294,31.5760442816893
35.105571507044786,57.11035393369549
-9.122740211081677,53.0665080977876
106.4760707700892,75.80006538683784
144.86364031119345,67.92351431284733
117.62908023741937,39.344716732836055
71.60688568074234,60.10936408458392
54.53845660734012,63.388711908636
67.9105545756355,29.873442317632907
120.52165847874319,64.7154899066847
90.3050508273456,49.83912226213324
75.19888548680028,20.80173169099576
31.288245976540495,37.626648760328
162.57449102328115,63.33627518812561
115.39496142616514,-2.1125737149104324
-2.4740620014947297,51.50119437254033
11.001011465212457,64.26562172778904
91.99419960529359,40.47771896659679
94.97327687989664,64.70449331590922
129.9623421488519,43.01263608416641
98.03159601907552,23.47331563084077
107.75374331681604,13.174078379250531
43.3879562564351,32.122418355348636
24.117286243340097,63.130611349985564
-5.5453267576848475,37.061019264565985
123.5479362529602,51.5730133143737
72.24278474271782,51.56590523869595
47.31405018826448,15.032872422584695
106.18597239069571,41.06521439184083
62.74469368630194,53.36258855651633
40.38335204194916,48.72467025699593
25.047270317803466,52.141922471398495
44.223530692486634,65.5992722224743
134.99494169920067,67.45338072479939
113.61598529345332,25.549046830282965
112.37302266962834,67.32310790219839
58.95443810963279,38.42199020145482
-19.462456688769905,64.78005483136208
18.208518686087686,45.83904518440811
93.80480286264817,75.14786916710563
142.8762781304842,43.43907189364364
71.16504560983256,36.46865658623339
80.63961683748641,23.222710959924807
85.6764449629552,54.14793694409521
5.169765190297639,43.74261490404406
155.12178268185733,66.47463789914846
124.95166813968547,11.634932407389805
100.93646034991899,35.884646283470644
47.12845206379946,58.94521770851138
59.312439966592635,26.632750851638438
46.335393071433415,38.28617845082924
61.90792208921623,75.81620037519446
100.16483932349865,66.78886242943416
70.26218610777143,46.24536864302653
41.45960609147753,26.28452886681104
101.83739474100503,58.53489105696332
132.33456890366404,60.78474262293261
68.24093109339623,70.5867010643232
124.60009233822804,72.35933928106866
31.026573652196937,68.85300030819002
133.07354702815474,-2.178751147859799
78.79024250120503,12.703111304392756
99.32531561951447,52.18821700298565
112.85608973201421,60.13542285492722
80.97729071655316,60.226922558762276
108.01775279020048,46.670408633270355
143.34532908077318,63.66726697341787
60.55068323269592,59.913905981426495
26.002203266110463,46.378717010545685
79.96526614037583,34.405715728157546
104.86537115683721,-4.034406199801296
10.152944016478884,49.09942675650483
168.09877904018998,67.35966492189657
89.85018544116839,26.204121632740645
157.42666943932565,53.365983348099945
117.70198660759247,48.53102991598309
59.313741640802505,44.82478717686561
99.2241407579386,13.192362761784146
135.12312132806412,34.891504899311585
44.885290871158915,20.672697270809007
13.328897770769274,56.548585919977626
116.43003765858988,31.18913570778286
86.37246378491788,40.11939849927018
108.24670112310129,35.98976914180489
86.27693015101148,68.63078594858146
91.44287659490243,34.65331671974591
32.421480742950486,49.85575369776183
99.40502939699691,43.608997166729736
140.7028282993471,-7.711087819871551
39.14402227588644,27.533607564214687
90.70445841573391,60.25974014685673
54.8877456646394,54.11823513542196
19.193676014628295,68.605188198999
135.9003359261801,45.259937344098695
62.47122415795519,31.687124593537664
118.25761061971505,57.19082950152551
52.02387396852075,23.01064887523745
170.67352990132616,62.01640750767385
39.72592846291198,36.20356059192243
126.35157905504414,59.202975313368924
69.15780798791869,26.172649708302078
37.90549869548064,63.42461722004287
57.04020797034779,70.6894492196626
103.73419398136018,16.103867099352854
149.40009411918683,60.964832493459944
75.00077155805907,66.5176144190109
12.112375916437543,42.69322114794375
90.49842838755893,69.8257626477448
38.88512233363386,56.53866564193821
77.58018746213503,29.59472043824846
81.38046123877218,49.2560723294403
47.377686197095635,48.818543176969165
87.36442635323958,22.558628187372985
102.93106417849668,62.61188170994578
140.55237251955882,61.8767117112853
111.84725632674188,70.78196969596777
62.39468078233844,67.60834944404017
117.36750212272128,6.013915320540178
64.93222033966254,44.4708039993977
125.32242274142533,43.78977083234737
108.55357852231947,23.84159111998541
98.29965695322484,20.355594973575013
100.85188752950322,73.84442236867193
138.9532645021633,51.58950081117843
73.58345603977095,42.81534674985649
80.0160276095183,56.34306729474501
96.60874448026426,54.69667677209341
-4.738808751626735,55.84375493177524
113.69503795850727,36.161480708358006
26.322533076541845,68.6271226700177
22.506152226674253,39.85134483389625
0.30874526136092584,45.50829627425391
70.17324596411021,54.969721854858065
29.451470221477358,54.832896659183014
50.20439711608305,36.06254120686419
129.20422416685375,65.2898456182295
132.69847718741903,34.347626582678075
82.09197536000453,36.81584885764047
111.45447375901614,50.96542262879144
114.47171167444483,41.86716540160719
9.462639140070223,59.939601910637165
132.2048393314741,48.69022842458961
160.64425703747924,66.12120349210525
149.28689425909454,70.14368345564768
51.26029801274236,59.700316916885164
99.27959094044218,30.303661364093585
108.5623627872252,63.4881789450359
88.69045174329582,45.204819042523546
103.40176875269812,22.677165585412453
45.69779566325675,43.054179947897765
34.35662700131373,30.35485115776935
111.25208326228908,1.740155823955682
140.94228618546043,71.99642684351818
96.55318062122863,18.617117870948427
36.8292096746019,52.0815664648399
16.10216503175691,65.6308361541762
-5.228370583820208,41.169449482252475
56.19272249015225,18.865088041882647
112.04211131841294,-7.389195525186025
87.4742487103736,64.0710623088916
4.852649184288595,48.582653081672184
69.88007274143924,66.46536830540806
42.93572874489886,59.90004534231373
34.30503106248265,45.37503649744703
67.36206186953261,51.100278429139685
48.22269299150556,26.005609451440538
95.26665441078217,70.1943915905518
127.62841645185809,38.40571082085543
22.67674286286512,56.081909341027824
62.03818451413204,36.59764953425588
121.04426946813177,16.259498333132125
50.747640489595526,66.7652779977558
16.196863764936353,40.17738507598159
82.01312777557621,18.35532487045658
107.4031586860296,31.615576136738124
86.01601718307221,72.31370423765142
96.85368239006607,35.42839326742453
29.704762867474628,60.91283894075306
107.37902504769816,65.94776786742531
52.677848490662,50.057527797959644
65.62513580150227,60.32337339615575
119.7713401211204,31.972287006828914
123.9359819271224,65.79745438923014
76.89085850204721,71.57073414320197
21.019822634203223,48.627104698168225
78.48693204319461,37.44882010053807
61.65315495146245,26.276039262679742
101.39377105034967,46.738555646751095
99.65478515170817,78.9725271105635
58.53195424831356,65.56716689819841
137.05637791364092,70.24456132968692
119.21335032344271,67.23144241642895
171.54629867413448,67.79878483415436
60.34444529482495,49.1006931243593
75.80125486051203,56.543839495541924
80.66590797489499,27.019590390690105
127.73666901449695,49.21607179974889
58.31690132669566,33.01694499129809
73.45195855936844,31.762963777864737
41.962812347265654,18.73126455084514
107.87753773102217,72.10800291177114
113.973578714728,56.42863451370724
93.22603995899348,45.04294617727844
123.88030232019395,6.887162973314204
101.18567991434156,6.425674497425646
134.56291539216622,62.67819152351159
55.29876034952475,33.096984985241846
92.89750466315269,31.25328201036069
95.73638510054177,61.15284388023278
124.6436423810813,62.11179167625447
129.26707446726803,51.79349277838194
159.60518357551035,58.11756834073651
89.55287565259722,54.68290319514431
55.24432109974873,41.87252567708648
16.31092718624211,62.36024903453554
97.4939859791739,47.33911422446222
137.89505390947875,-2.756629719372185
55.21770595494081,59.747253716640245
10.389487206855478,53.33862984545525
36.60189871013505,39.35281826767847
134.7704927901112,50.64309912641491
57.626454337328866,48.5513762116866
53.29624083103715,17.82975069329288
39.717464689333426,53.72700843697225
173.0183614423111,63.234466563614276
85.43800712383694,59.15511809043707
117.63677595129087,45.13203026203148
126.88601122237546,69.46854659441024
83.58994164046123,27.832202288887895
68.79065677169969,38.67127334668923
117.02147350201473,72.33049026035084
20.64007490596417,42.126619237071814
103.73561887809569,53.57052675862781
71.66602124786809,26.126979179128465
156.52587640444307,62.71146766623688
49.469609748368455,58.403822748701515
50.754985855547446,52.83619998070516
126.88812252594784,54.49401750479928
120.14837738009658,-1.8230644278953605
162.27708967401392,68.52586481554715
46.19012054568327,64.50720203176269
94.1828083886141,25.349203163184303
32.12346119668601,63.15750026795789
88.69167682787737,40.39402398137588
77.65557909034602,50.898503779263216
104.02249783271668,31.89933160773044
65.43089095757345,65.05500642020769
110.31458180764012,44.9140042228534
90.38456398300895,65.98651664411807
84.80566460775167,42.68126532206139
54.46683458563074,36.13273323511942
74.76462162437396,16.34964713872541
118.2693605096261,62.054386183546164
43.1666308926397,41.321189398466316
63.474520848841735,41.52181840728117
103.37845183025993,75.36749917290125
156.21501481378104,69.80999652399538
78.9343662788487,64.48985300331654
166.60796430182074,63.5565923201924
141.19302096242578,-3.880272364167375
108.2652890757634,58.8504743732682
118.28613091890628,50.88292072595056
132.49131076193032,70.146090747962
99.68586214078178,37.99482137983867
40.202639392502476,32.57722231953805
74.70137542273746,40.554764632534926
57.75162932106956,54.534018410291175
101.89223178588541,0.20387612365466623
117.41212242898087,26.26293908009766
-1.1111472446795432,38.85164878779298
47.04318189719001,18.90614092053472
147.32648839101526,67.3957778065672
75.43095528641942,62.798564899435426
105.21419520401918,47.921155387636055
38.19796955875336,67.3141435428625
42.59900468059874,55.4682978078755
8.516845551334029,62.82398679865854
115.6541505943357,67.74518902484382
65.23320998591234,37.30006934722016
124.78188077824694,48.1117092390264
76.65380591800329,46.54815001500737
83.58610038256602,61.82244482218936
49.03496745724979,34.39487743306641
108.53186551898264,38.30891871635542
87.22553881576151,37.00311692353122
29.116266987681726,38.20706968979419
8.712482258580081,39.622780105207525
96.01483533386929,72.81420105787959
138.37441387396035,57.335641159102224
55.836744367024615,24.88354640510457
43.22749887086223,23.69190401918391
111.6993461489532,26.64957742788775
90.80832954696643,75.12710666828588
70.44876956019563,72.17336569289932
95.54280681505546,80.68233275877495
99.84950385227229,62.157517639239614
142.28808811878605,49.46880253923133
-1.5629485756105197,48.11304912608159
94.10904417763737,51.66192394882029
83.1832526426804,20.501857550942358
110.84639988462041,-1.4723844559708184
56.11526284660263,73.91585080247587
-5.8262323850963185,61.82451963585951
25.079409924045045,42.32537153667667
89.32834248521738,29.189539243547195
107.45345371523877,51.07316946760694
13.040620293276547,49.80023909051317
122.4352887038672,42.47557630504135
139.92864436655543,63.96193058807974
116.71010833204554,0.9233397113174817
94.7881610339026,67.61337056448127
104.22603162730704,12.021486175428741
41.85079186028969,34.92680806787402
143.9403178687491,61.24241846608162
99.13571457309048,33.72939962892125
129.22780551323007,63.45957798013579
70.06202680945191,33.474138621697705
138.11726691507675,37.19947664296979
33.64956008126586,61.27239225284461
110.61995570567792,55.06241503053116
76.10246509393855,26.825065660162103
14.821888104698274,45.84808714227462
125.12452128334229,57.34123231715294
101.27919934417714,24.981110690590455
83.67277223461255,64.16545823053015
60.749879230484645,62.860829763876474
114.842309459299,63.07941457509196
44.240136441236054,47.42893567527337
87.29077948471723,25.804516961325582
106.41060522883392,58.50038576374152
5.743954685211094,51.92341341411349
97.61329451127227,42.03346584399889
33.91131470928153,41.074792699223025
59.9798346365334,56.22709983773892
57.98641075377875,62.24952274479266
93.63104948274453,58.81877540077056
111.1249014926307,32.846929165248945
133.5863674059611,44.77221605571952
119.2821715352248,53.80551512761184
38.964288124039136,60.95398352138508
152.4177983836408,66.65109337520913
62.37890906985086,56.93732952853109
24.03722165044333,49.23858288258511
49.07776386173764,63.73097885114207
70.74805733897918,22.185438545419878
91.79430725275044,38.085053584194384
20.557910437359112,53.59565383650839
71.86329172873856,40.39570815917021
101.06331558082022,70.49175798988817
26.488562823155036,61.99710153550482
80.70540970445991,72.90045434676006
87.17061926090594,47.51319033651955
37.389133315145095,49.06406063720619
82.65590529363081,57.60836499810551
67.38269482205119,55.336414810983015
20.18855452109961,66.4745938478555
66.73999831462963,27.68472073530769
99.60473559344703,55.14226565631435
96.24190583373516,26.97123175925381
39.873374886259896,40.40811024144124
131.0381790817226,58.212609600801535
121.87582970843513,62.9115188737014
116.19243455887178,37.28202005995674
142.13213703262886,69.42094764507324
44.66436973032654,28.69685168486676
102.92930316382622,42.07577421967938
56.51768768231951,31.002059745690868
27.61403700232519,44.35106024707429
-16.443777810042704,64.88193439896716
107.02680678477307,-6.865402366962563
46.64107412137693,31.73498665066701
110.3863439677114,74.96265171043392
122.0469273729799,11.553091165476921
175.5756830144856,65.93165855184338
69.2870643760457,58.399274421510746
136.72289342965308,66.88976481918223
77.44967238862107,9.27040761072702
31.81703896525668,52.906974483176434
34.291780462940814,48.31238267545243
108.92345777698569,26.367259362397306
103.72685908289357,50.51351461781944
68.49647595845423,44.54841935549948
46.280952116961814,53.61396982916235
7.543554505809212,45.648675787578966
65.24997989652384,48.265766617041024
-1.1438069305858392,54.172709957493055
14.599394077074123,51.14085386032637
102.49524450346806,17.81482311993653
152.83316908693877,60.63072581840215
136.38059724346374,48.245404972107195
26.90171525519888,55.15258358242611
37.3571215386184,31.740886358426685
72.44844043703935,57.369510528304176
117.85254142283816,34.03524778701021
105.4415999748744,70.73606159768126
56.98265355412573,58.256271544269644
93.27031372906515,69.0989502714561
27.55634713498253,50.879191232802725
60.37589383489576,34.272742118885446
157.18736141910003,56.04708221172196
78.73678557548119,39.34366973087891
56.488970002892685,51.383199225418736
87.16631936453572,56.56511118899918
108.95625700236488,40.45915246548225
46.57928967625795,46.1317763881977
29.634646042780034,46.59154767127076
102.92244941713065,65.14414391626399
77.0133712288134,32.04806158403418
100.34943279391317,28.54948004596501
42.616184635850615,44.114813625298005
98.3906799650508,66.41607851435364
102.42860360605775,78.61770338287829
90.5441218475569,23.064702142628594
2.2438079773692294,47.083854908799616
28.371157536495332,69.3432138283206
-7.9025001283860945,40.76958295582095
136.24205531460024,59.33531393782378
157.8942164319568,66.46806547675777
88.81415749747705,33.58846349336412
99.41079024885173,16.786830556323196
77.37439069180317,60.91657937878405
33.0809495781816,66.07954280295175
110.22569840694585,66.64517159727886
145.6771126877725,-6.299061949910559
57.67266715897887,46.40640077199723
87.37190705763126,42.71092503864697
147.7797353488089,71.57336944014102
77.94230509756562,15.27229483376141
18.316654984943327,64.09100940531553
35.01824198531847,54.363261775140465
80.10771885319042,31.447490919662158
83.22803179188756,23.932064298859448
124.51023882767,69.73060951374433
74.77582065367426,69.86571787331242
111.02404224453564,62.003491145295065
64.99270855828787,53.95464768015636
94.63138055233276,19.98571064962361
72.13781365103843,48.705923125688706
127.11925786789271,35.66327909510769
55.12207030852768,22.8091934718879
122.54681777700944,45.69455108585103
1.8932522739756052,50.28128725931888
63.869278153349526,34.37493304811133
112.35867925828816,39.88619348303645
58.00851603915117,41.46815976491534
22.707690220577206,67.50373105348703
48.03661173063268,22.54028738180549
114.16211279495224,72.6370653955764
50.998282742974354,31.875125827568304
113.89403327425453,58.48298079944048
15.887530454165685,59.50422092690214
52.98999088666076,44.383444314111316
159.59920912258298,62.734866141121415
118.65427881621555,42.08493271483461
164.30933159196317,66.0698042860876
80.2103495898133,47.07537373501047
62.17377368696503,45.95683265484012
102.02522475852705,37.630629480376626
22.854394600404234,61.332574597738535
122.26545840103887,0.7989948244237013
33.064583479193374,59.369163211820954
122.79973502500305,49.08407282628266
46.02724742411539,62.96548720840278
178.0945469250576,64.61475704290163
106.1879206875691,45.05012078417897
50.055874514100175,16.83833189813294
11.883464083745437,60.551959410903144
121.74086759526153,57.515472836961294
69.38372067047246,63.97263136989033
96.28437231627396,57.37230382881232
41.292428394822196,66.03511769440006
127.97130208317792,72.0098901458084
128.12242765363737,44.01323616179993
44.18242049470557,17.9818618751529
69.41912304922334,29.364132424210744
41.57670453567074,29.24829379101753
75.56420891460532,36.51357327330322
14.029257112284924,37.626204401934174
94.32833310978233,33.47437706422619
82.70621945728968,52.173811654656205
105.81062905912584,36.61094808124705
86.87316780921452,51.12831925406003
-3.1980983283845745,41.9223867933286
61.09439999856917,69.45794508150335
28.824797827022522,64.24610165632262
74.96834722240865,53.275499451134976
55.73808951882511,65.08894820097717
109.3105096105227,29.241293003420203
64.8702504258943,26.080676854257113
93.08328916650183,48.714681494545886
90.92325094688682,57.1639492863562
74.76560392188418,49.67934868417716
72.1545243784668,54.21696578731728
78.70030830321723,58.3039477966439
77.40699930757997,66.73581305652351
102.8769477090662,-2.5085895241544023
85.94737253098906,65.98692871593616
23.603427199315092,44.29505365317653
114.12026235048785,2.320114248336445
162.3453569220754,55.952032863191626
41.708114594816834,51.06140104501262
51.93861414435016,63.74885576663633
78.49801204555304,21.419799615872588
87.5322645795384,30.675360016464197
74.68542570927337,29.9448391882637
89.64134166785439,37.49878802895023
168.70075866023933,64.38728389088686
41.379925559369596,20.508918986050457
140.9606805420063,38.747059953482974
96.461818616643,75.5961415402447
39.78908754825598,45.85267101036641
112.52208177194964,30.128753829015437
169.71560879102103,69.25132875698856
22.174154557773313,46.67924560263997
99.48904563577094,57.42217644277998
86.03772921090179,28.566401298459333
99.05534753827214,9.290802144675496
106.5773147979111,10.462325331726973
83.67395246741827,48.03573810401427
49.371006825319476,50.92066613321016
52.18598938138868,21.63436073441296
153.59573698641344,68.00544613241092
104.34109984718188,19.94390140630585
88.5589485944931,73.9458666771486
115.70988069310783,50.404566240520225
71.34570865637815,68.6589239501388
171.8648375550281,65.21406167506953
78.36294774291451,18.084902254270013
164.83087180493342,61.25201464192903
101.89070564358121,33.65981582032087
69.92644273186905,52.93046782770307
55.49800441478736,28.720501155222
58.19276858594148,22.439166926939198
83.1522281329127,72.52547290179069
88.64374682996372,70.35316448064646
37.82958906021593,34.11354540312499
7.276455008059585,61.40019962982694
109.94335664264273,42.68413098833621
106.28190216059532,22.40840341495101
96.77901679353894,31.64504595354284
131.46819929166745,63.46637224505257
115.93404327745844,54.861125127975605
-3.9786390651608627,57.342382494130746
105.2520070048306,68.0683552861394
134.81519737655876,-3.836697147879896
113.27260366807079,44.593730778583634
124.06500571032649,40.88192605903716
128.4427080186935,57.44496541306587
47.57115539830212,41.682317539327606
-6.914085666582025,54.10198387001852
133.83884368512543,52.691127120923205
120.96990280437932,29.215755491449443
136.70476587505067,50.75256126817824
65.0583188880477,67.62285585359717
97.59553669346843,39.36834474178797
45.011019250599254,67.95965921691887
100.89459173034653,20.568263378717724
90.21904363387014,47.11488173182108
99.16454556851075,49.15386195791741
112.68579501658613,23.7265805437729
120.81357966758856,71.6340481818371
114.61175742466497,33.82509842617944
98.86101958763265,59.850466709471945
53.518194213502554,52.549701191842665
63.328802720966124,50.24775530321999
113.79617557344189,38.7489584787544
8.838024696910509,51.20166292090853
121.06570881024652,52.070437348402876
47.034106677328346,27.906636913737234
84.2518738533771,39.80102160760047
63.58170765899746,63.5201083207281
34.838423667848325,37.63834399461383
99.89128405315404,75.452671975212
43.601745579039466,25.840212940901825
50.279809868586106,48.39581392466369
31.85172480789946,56.59439483291044
127.31838525052721,46.08173828156211
111.06084767175666,35.60586453206983
52.932488979677316,66.88024856691608
142.00022655010304,66.16239184790882
73.83523605012687,59.35906119004801
75.13032080479299,23.89756603378767
102.50445841790605,39.40522917799259
9.818703295037494,56.48489598024787
-3.714310329651994,38.29970791330365
2.5255669922978257,42.47381377286462
129.10643520931933,36.388470048786516
85.5845999604821,20.87029106666544
25.686071415952043,56.90079953988523
80.77269588822233,70.31849256380598
51.85151067705497,33.88091950456411
40.806650411643865,62.53767420105539
60.693145342180415,53.08990208798709
37.41979286657969,26.070130854572472
31.85842276104419,40.332118612767154
58.70484967162695,29.41308730528168
90.87627371870978,43.128334598491655
115.57281740806093,39.56508751202609
101.43469269525531,45.134990505015026
100.58333092690992,40.885769302590326
18.545287939572212,43.39116655774722
72.90950048542105,45.04155184473324
100.56738841874714,64.01811872226797
79.50655758050587,53.04200362467981
92.16497820763952,64.30081390204435
130.80827573572856,32.55928830499029
89.04286666262958,62.47795283896793
79.25345809560905,10.90582112112034
105.93324788322631,17.1980685448217
123.62374340439865,55.033586681540626
104.80001984391187,57.12446231952797
144.13637371861205,71.22458992025975
60.969262464733625,65.5579931183138
13.921343223406808,62.47275274947478
92.74769945650253,28.872499547782375
151.46047472361238,70.09396100343821
159.27183832202118,69.44838404280917
146.57574542241753,61.78296866362899
129.49389686090097,47.6167056274925
82.0389862606134,43.69767596094976
149.26982214387164,64.46957629084115
137.31141684524468,61.708025600626016
109.65393271715597,60.728853436548874
73.33934420729483,61.83473308011666
39.07468211937345,38.5679799240987
-7.660817339899467,38.130374646597865
54.09242831566662,20.528580283202793
56.55475046406647,67.66875408327446
91.55959175678366,72.60093048213476
133.6365492954204,58.34842163483343
72.95761533910863,33.87544276275989
104.57520887793835,25.29118805530342
11.104157121472042,44.960654483926504
83.7383827663186,34.16412190281184
117.98121053031339,29.040300436472993
139.48369760671798,70.36903186012393
125.90721966596527,50.87776014588501
80.93140445295921,63.63847343616466
110.94756410609946,49.387266432621104
36.85435356554127,60.28449149577236
67.87264148250405,67.30746614745979
132.21166819671697,51.508606532406304
106.62775964555541,33.6160825202026
54.39326749633798,56.48149668655937
44.88597498037077,49.91111741160353
67.24672728653216,46.58179033518987
25.90321524502363,48.35028253150919
103.08792690434419,28.963619403135397
-23.167111253462707,66.02651267600663
64.84212165359553,30.298000178862296
94.7782178607018,16.525069582612907
-7.147421225504345,42.88478807618959
54.19274730626901,71.84837931818058
77.68739925416453,69.76608504918266
22.17334105529038,50.80342246677236
62.551612173682756,28.93509340274152
48.669023816685666,67.21814469525117
69.3825049165451,48.78139878814695
109.54119897829959,52.30952105292784
26.921023142425376,58.86192573605489
58.45870376389772,58.94294551362619
94.9463314150975,22.607723297006665
12.10562458950065,47.81251142246859
58.48876544515101,35.62316557312043
98.31075387059698,26.632567221281104
124.44648536940761,8.46052420399873
45.56678005591776,39.97266289489497
43.177103089249485,37.553123595807435
62.68162932076591,59.570084358624584
118.93315356570368,46.85343756744223
44.704149081209884,57.78568832732046
97.22302789460956,73.788426202261
37.63003810286382,29.38870413070295
102.35766708413541,55.8589060868006
114.65753982675027,69.54912679636274
130.09483824188908,69.51081157364405
147.32023879751927,59.699322109890886
82.89196753678955,29.892090996433346
119.28612543393774,36.53760470847166
138.16372574583522,-4.523307088200312
19.352903589324875,48.247964673758986
148.85127144644017,-9.843422470566168
77.50149055185821,41.44229689676526
97.6543923198814,63.532394268457196
167.96871707126712,60.97413845710827
136.33678843692124,56.57081731523496
51.581981610927144,57.06340291246909
110.52058425940362,24.981758928741765
12.48762326729036,58.550238951050666
44.7506192633911,35.17437241751335
127.16805630984456,62.729330730823975
99.2338941885418,69.35043166972225
43.06067312596535,14.62393540137478
90.32815366253055,31.514167070846952
108.86929605902532,69.80422265739116
66.75255743343132,40.960049207421726
117.06810174247707,60.108333669963585
68.52645835448024,35.828229395076704
132.1322537462358,43.51693906718789
92.0140510289693,54.578933600835626
47.208905699304886,61.03974113923963
44.77928325180991,14.370608949612063
102.06340439069258,3.5549050874697556
105.43683337501288,15.044446345071805
95.93177798162988,45.24237154701383
56.076943923066736,38.67543497124284
82.6122313390395,54.6193071849099
83.48760525790058,66.21623261469253
6.977664426322548,49.57909455550756
60.06267886861161,42.13634929872889
85.50151177061545,23.712612919306068
70.5532497681169,42.71013679347677
146.18047870422876,64.7358093616649
13.401160900218997,53.324804422965684
102.82935072770566,68.20841070585382
115.20254599974155,27.89661323922699
13.74898119810284,65.60342780348455
47.962814451982595,56.2918311020697
108.910548683666,75.19577914209722
141.95566471879414,-6.215334792909481
113.51667475887334,53.26777866414303
103.37795084433131,47.204073235010135
129.8430850862295,55.20167373114112
81.10465891833744,16.38576760349868
73.17380905950213,38.32286276290268
41.12023586746049,58.3441391448159
119.24584762927148,26.841092332801722
121.32873930536667,54.52613539070883
40.633437895021636,23.223577728172625
86.85776090310031,33.84536342544338
133.58196860618668,66.17199774432768
68.81630253845505,60.940994184603824
134.11738167028508,69.05482510830876
115.59527946991179,24.148443470339323
105.16541808949592,64.11071978969372
131.04909373229142,45.413638630152285
22.90780189554785,37.87145041158353
174.4196105648443,68.79344290302976
88.16684311570923,58.99187265625572
94.90605585278436,37.612072915353885
117.65228051890251,64.9383490849427
98.11139378737539,37.12679274775904
161.6843912927261,58.96687113329858
74.62201194449487,44.570365128894274
91.01923992587797,67.83806996940692
17.636707661343607,53.3702989660822
101.4305819043403,51.2268267086848
72.20151710056317,64.64781147125352
-10.545737233401951,62.44874232291675
102.64843227655359,60.12712927491869
113.34074845247976,-0.8590193203885974
153.88815026301197,63.68917073394009
50.317377427542766,20.865102199096913
28.034421257164617,52.92273703430939
107.3130960962391,27.76643218659618
109.31106915355723,56.45148842869639
85.02858294124559,70.44274694794447
35.96639217089903,33.12495276019027
-0.3217789886561775,42.27299685015618
43.85932475704016,62.51331006816342
38.77644291115019,51.321992824206475
5.580270137682874,60.479688305148784
70.951259456571,31.223512474512944
127.58875123329483,41.45405123026955
22.893205615946755,54.108296973919494
29.67745656730112,57.50660690985728
62.07093331175527,39.65799951025303
121.28552871928866,60.46999131249141
68.95696955308,24.11310538927425
84.70846757522156,45.030779616326335
159.60443137392514,54.41412978980795
105.228887804157,74.32677861088025
96.10568121134827,49.77048682411719
93.86819604231637,36.03927381351672
58.34024396609384,75.02781890913108
116.6601419812799,3.9220452366232976
111.3760888384434,63.921786168356064
54.74503850644139,49.441831308442964
93.46393280665762,80.38482693234194
76.49028373615872,12.6520973857819
101.23801197050409,13.715766100448441
73.7243081689246,25.895367683879186
56.369970089376466,21.12952666902663
15.925725520595435,48.22264707954611
80.99990742842309,40.28071106468694
68.12234462590968,57.361884609280274
79.41728256119357,29.176330852027903
48.37079635032286,38.9355197796863
78.78312753696144,25.929855801304914
64.33270522556545,56.3521218148453
57.12185128599517,43.57478531150554
138.15873630858405,35.2236589017941
94.36705635290302,54.90448666563186
77.28319157705793,22.778282891278995
25.02154207220928,54.54987028049594
111.53512490407654,72.5201694597068
46.55315344778852,24.848126770206754
94.95078817461325,42.2996724287631
116.60082932784765,41.80468223618608
66.87103655238653,33.899922992422105
29.49704312779093,66.96557904846892
104.08267822531779,43.63864645546069
72.38022083574283,28.223082831976484
78.30636985490041,54.959271953327374
103.2018333867762,35.81711734021704
92.55415557204776,61.79917927921227
46.88893843035028,51.70663843715357
80.49020774224303,20.317586065763436
50.2564814466968,24.264295579556865
54.52482038750792,27.167006368558255
111.55793750109567,47.14789679939573
120.88743961755964,68.5079014179645
105.3853001482827,60.59833041868555
132.51769954486136,55.19319661968658
89.37861679572768,52.13712069515091
110.74087579105422,22.085563566346615
121.21651669509487,-3.8846058553055727
129.02440467825414,-0.1734005669071692
175.2344373091093,63.64501048911137
27.37859036779016,40.813922703049755
16.10104170371116,68.2255162171492
129.6096957836289,60.99562939639993
140.42624888114423,53.10783032859073
140.02704822460217,59.09897270255725
49.54753903572063,61.144986071900156
103.54430640836686,72.37659169175132
130.86040167039457,66.56667894445143
37.72983473867837,58.57054557878804
134.20306011764492,48.406303638315556
30.393384536176335,48.64285849460546
104.21671000930311,38.021656308811274
2.292324566135264,44.50854688667049
150.22189671560534,67.03949123934265
84.00175592643389,26.020759001249438
4.9922115993118865,46.4051490176782
121.15739562931003,40.572559760947065
165.11818031791688,67.98375224883605
104.7670071111183,77.21359911295066
96.25993127254594,59.47461017946256
97.02849072166481,68.15272631461788
120.20354631559736,44.746085058310975
115.86448916545964,47.289826098972114
99.66350131962349,1.6693652498092888
151.1887171092488,63.48168247353741
24.456237690046258,70.02719203592456
125.70327263858624,38.71089012345879
52.39195556126809,72.09795126392413
12.95659851279703,63.84283059676733
127.2138324043874,66.04826270277455
26.69383936312326,66.46177696763682
34.72457329425052,67.9829863109789
140.39518368865578,41.913885049700355
139.5460151129007,67.39764657003099
74.46338383964073,18.74938180810187
15.850941600606333,57.11605274984955
34.26752285018077,50.77434840047084
35.09397513036787,62.57742689732211
67.7436574784256,76.75055512936038
60.15771212720463,31.45897257818325
10.312416087521406,19.697363708355233
35.101195107474474,-16.092767619170747
35.11919802073972,14.846231866650877
-10.186414364194189,21.536552752432826
16.377567376736607,-17.81282584698549
28.849434058258616,0.5085429910050951
4.16791182543372,31.96084436368321
14.812007897625291,1.7757854377887332
23.617512706165463,23.962787986266935
-8.403111687811084,5.643250711499545
27.26884121369548,-32.49819816685161
45.196391176867294,6.139126174869234
25.29538890419705,-9.099624281419462
2.7084835209621403,10.663243008343882
46.04773081438542,-17.03994640380276
34.842074971915935,3.2883721115874045
20.824749531180757,18.95419423674712
-3.7820653233703325,17.749416568637017
22.266996422488333,10.31045602184988
22.998069096385375,-22.038239161963887
-6.097282406512424,31.66655332606317
20.929550258309725,-7.9017054697154965
19.765571198372808,-30.468420860194243
36.16940107427196,-6.848253813443039
4.3746885014969585,24.970262205822575
15.013998609616525,30.265075511958482
29.70575060966741,27.81651054578807
-15.91949371044344,14.850947428883218
15.40709157989189,10.120974611165172
15.84151697703169,-7.719348220472384
31.072491696666823,-22.60308304344638
29.4973935673851,12.045713123830996
16.113262720705364,22.92311001969591
39.09962886790687,6.9809553184671245
27.03188988618686,20.98776704534572
26.035331273081162,-18.02131025389421
24.519446051878933,-1.955729162812073
-5.891896022714985,10.564762167683718
2.9140431585906015,17.376346298732162
-8.68395787535237,28.64891488687644
24.55825429681665,6.105567732330001
38.15606778061232,2.3276394699840735
35.38806387180082,19.21554928573724
-0.959005723647266,27.50062119421657
8.683359668315576,5.854919381341157
13.358552065229608,-3.5542273478847832
6.237353868539133,32.77685921093967
29.511550903797122,-4.953718176390616
11.74029506597945,12.31534127611753
37.982561774370964,-13.882358077262033
31.445329353150257,-10.823797069164236
9.401664348211662,30.292565051895238
40.076938580885226,11.809557160795752
-0.6362508739326991,6.5716491797056875
17.664513524061675,14.907032299731014
-6.532728194320065,21.943774668420822
21.89317768224615,-16.212577368324222
-11.689821168642375,16.44153360779312
-10.342700486308495,10.940185235201168
22.390849809569804,-27.545245051770188
11.381683736157866,24.791988635348293
29.657438603227668,4.416314755720739
34.85119787313157,23.558695659611743
30.50576950550243,-27.952625846310283
-0.018836139494315063,34.64552296050118
26.402226468894145,16.985260642045667
23.72722120818787,-33.05840627652669
17.611905970832876,-23.278645376422254
22.045395596716247,31.659268658813673
48.024039162535615,8.691178140944853
45.85846393140466,-24.6980815096217
-13.895424977368144,25.182808274664048
20.843594894005157,0.02825564580525608
19.268008844023708,22.310324016756038
19.777331764893482,-16.92230822620518
20.744539766943923,7.595560289226588
-0.37977269390136215,21.96865873927502
30.405151248252476,9.967740437470285
-1.9893286214072212,12.356549107597342
36.71450924296342,-10.004954519770735
19.321458085568683,-12.8936604157062
8.870215939881618,36.33309231435551
6.331625820095262,15.996350354932854
35.49960214511141,11.203383559145113
31.831798886980934,-16.12833763132505
18.185636630804183,-2.308633330044886
18.73378968342502,28.492079190850024
13.214783460663337,9.153141328824004
36.592844972556286,-1.6274529236090416
30.803259714582325,17.562580401141098
49.33284625378502,-12.805029146471774
28.307411478323154,-23.942592150747654
7.140536457228523,23.36995356459891
40.47455079521259,3.242522767710668
10.82851306671288,2.7692830353176032
-8.143857070219099,15.634562949765346
32.530803071619104,-5.216893926996079
26.342590909262395,30.480780798712864
1.8269717438763813,26.648275506495516
-11.761584808218764,25.04513577535996
13.277339983201003,15.230542525701836
25.024904533088797,-29.720575529268125
14.631441641968475,-11.527120926008827
9.095311975849077,12.497436508719261
22.117755151163696,14.69374463713086
46.759725183639986,-22.4462152313625
2.568750647134964,19.291574963758677
36.192138654964225,7.169196514681779
29.997606805908724,24.68705550617548
-3.5432157544339624,14.870126207052849
-12.503918413354548,12.065770135247625
31.933150517355465,-0.19567954549409805
41.21949683387044,-0.2950323254706131
-14.4247375345604,19.89431030544833
26.746173362624017,10.57436246157435
22.394959034355715,-10.92918791202511
17.23892397713231,-28.010214472047743
16.97392963170111,3.4338877970976958
0.4543669428829915,14.264688243036233
-3.7907626285454157,5.723160542067078
20.06872521636436,-20.85960619523165
24.7300948621899,-14.89610383662761
10.242754826936501,-0.6180259791468661
43.079395460045745,8.489617613458186
-4.1194178615544494,30.077260289040034
15.514948490110429,-22.116070156320614
13.46978567085625,18.597228747880266
5.074582887384047,8.039255663019159
19.434083714075168,5.506891568848312
6.468696810589629,29.314370471413707
9.505145914583158,9.642504611577714
19.780281422011456,-26.087603725379196
31.74242870648616,30.351520407199246
4.884523089343233,35.57459687391636
18.026092913263092,8.708893058435361
22.06343475493811,26.95465946976726
16.359437474606697,-14.272274188287433
39.091807219047894,-10.09059326980708
29.430610032938453,-8.391799462187864
25.96891313447481,-3.2789109712479156
16.897963855395787,-4.5854696519824305
12.275579407464884,22.60067519426099
5.303999482138412,12.820887826724606
-3.5760778792302723,34.2732271758406
24.676376968224925,3.7052363459000004
28.092026667842347,8.582110207854093
23.900572696671276,21.87717868000891
44.48745581340761,2.4812366043058613
-6.765657264890663,26.086038009663056
2.024960568157919,31.434916672150553
2.9966796035822227,21.693686874616898
18.47144659182126,-19.809739161794855
36.448557549032756,16.60128471202525
31.023786628930868,6.905258975110023
34.022979686237235,-20.65100375973396
32.61066749445549,-24.591363156891255
18.21987782852139,-7.713338826608366
27.169586958752518,-15.029654819803305
-11.498831452891885,8.214958357836057
21.01550877290127,-3.769370568160184
-6.847903885663314,17.345014710760353
49.43445523554427,-15.838707954248441
7.307615241681262,21.086370362725653
-3.4636341169236182,22.323800419218696
16.674608696425796,21.05438942807409
34.257110825042325,-5.217415794834482
19.80875309443965,13.220432501931665
0.051001012179991534,8.371772141660658
31.31904394908361,19.99070726415993
31.09612742367259,15.322081840474432
33.775523988563876,-14.527848585014823
28.031525056885634,2.799614229644995
24.837464323975535,28.29389922391797
-1.1217080579543293,17.046512698521447
27.47909398965041,-26.78247606037484
38.46493447445077,4.801690354088489
12.95793621102341,5.981779364610861
-11.478086396123473,27.461181115040727
28.40837534282771,-20.057731777311744
-3.4744380813876674,8.325766688808768
14.092848181043534,24.778284848796392
23.536259411294495,-5.9682248733207395
33.75875123996448,-7.387241034405772
13.104585632791508,27.365851242404204
33.574494082605334,12.097508882410143
27.497885188749898,4.927011684004629
29.931383957320442,-2.189848936857336
-1.8961123209150692,32.31368273502308
32.99578503261657,2.135104201881086
-7.6871987185604524,12.506966631918461
20.282625631889584,-33.28340273475713
39.640162463493645,-11.8311021788234
13.980679927109456,-0.8001037221984824
-8.771790981668993,7.3080763985348085
29.909351115976463,-30.209683326992305
20.291818697278746,30.277583248308275
12.005830342241318,30.412005224309187
39.76437254670566,14.008581288533955
-15.098784657891727,13.465193896682127
31.951475208934056,27.085766009921155
17.626875662420776,24.72362123353736
13.400073292659663,-16.369439631646735
-10.305416716393133,14.236882658036997
-14.324897248309128,17.243626766336106
13.639494943996587,-5.562195443070609
8.765429333463992,25.3323303304939
17.697852470679255,6.69390883974248
1.8097743240104016,23.882506448574834
22.96537162097737,18.761561575543375
15.41705500620632,5.152069013387003
29.524551251127157,-15.880367927416305
34.43609573690104,-0.6224134283206633
-4.245715842308115,24.661818008483902
20.91097288024599,-22.52643749046089
18.70750939002011,17.211416801583383
25.36753086026224,14.310338737491726
6.358369658080548,7.003147029301656
-7.755256564068851,20.70467991542295
32.29745205508953,23.6863269022272
46.08130738421575,8.200448075955128
-5.2056780088418755,12.64271012306755
13.983026653449077,12.256071648712973
18.0277007787323,-15.758293607973343
15.8594071505845,15.721571549773254
36.63918845237838,-4.091936911976314
36.44373503126725,-17.664761083690927
13.515986752647173,-14.190234757817734
22.823505047531693,-20.340303365353627
-1.3765513543154597,24.71911754536382
17.169070128782426,-10.053666580183638
50.09652259348701,10.636623478482843
4.222050815901516,27.644253971514704
42.50987057099591,11.413382237168452
8.22017079555788,18.759026143116785
9.739335370245088,16.125890893333157
8.5844788752794,22.592061032726868
40.12109692546325,1.1400431405174123
31.038768716906237,-19.856847290001568
21.06603022643085,-29.606546175272996
2.083164991682029,14.863360402319927
31.735360822432337,-14.40543497595317
25.50654171242822,-11.802141008570715
26.838917267851617,26.200851527026707
15.925441087416388,-25.59978283223939
4.020606381437496,14.719577883477216
0.32394479595071246,31.847690479917343
22.202389717228037,1.7112410329520733
46.01108910932837,-19.865767034896873
6.513185598428475,35.57957526528338
10.090490109515612,28.848243011883266
34.40566501198218,21.34397842606048
32.19824481476684,4.683314390713246
36.783723173687775,0.5061135814396165
21.647564319215338,23.88566595769897
27.88979292347878,-5.809809715818254
15.031948888868712,-19.938729279912494
30.715654356813328,-26.06790309492999
27.274191888056514,-8.496389028004586
27.59976459345743,-21.828624180468935
42.42650029869644,5.500528199520607
-11.734760414659629,18.539245454967446
10.169625290903884,35.26431663406889
25.52528800762063,19.022221389517192
10.54708946329561,32.62329143796888
6.039368682820204,10.54509045761193
2.6197751754096377,7.8678698650813415
28.78909867651337,20.318569270550185
20.08645295013078,11.161573777245561
16.478487151375397,-12.692708890043178
20.998481880719158,3.267735401871656
31.791093758827174,-7.988499411551864
10.36904460706015,27.08102182614039
38.67670087367556,-1.7572792298445528
35.27586591227116,-11.403549303908349
28.436542059547264,30.1731846133768
24.730192054142186,9.212765340719445
20.642315086968356,20.660252053485866
23.74559581795748,-18.64297609979132
10.965526377613982,8.233363998548214
1.4521301678721485,29.42686582785438
11.031786501424712,21.397585872706042
-5.403557845273301,6.053419816871615
5.722067189555872,18.773427730183744
16.716117264676345,-1.5663722441155894
2.197219136242955,34.55722502644781
38.70457537483628,-16.36444428955362
33.73944430176816,18.285707059551864
-9.291894108865677,18.664754118100554
-14.6254887989014,11.34028734681823
6.429429396380632,25.457688950454173
18.60327215865069,1.2864696523356036
-4.4311243160161204,27.8381129679219
5.122561601932906,22.424826515873512
32.9567884216955,-18.43651710995435
37.850370328732,10.503563251040427
-15.366549305932587,22.026472373847483
48.23379093634439,-21.043377233720193
-8.023763486026311,31.363993660045704
0.018093365810138096,11.03316752419091
30.353225665389736,2.0948674301663894
27.079366366193522,-1.511580935945073
20.407215867472427,-6.061332193539556
22.351661738415284,29.246351245243666
36.996493966275935,13.416757789480773
28.695909461961243,14.69175903476941
11.395563908907206,5.243419882842705
16.823117107242272,12.28742151220093
24.0366915757164,-24.409241106324842
29.31134069789026,6.9006722640061104
0.3375747875835273,20.25856884053008
25.069742823426814,-21.26774187518445
17.014274103978448,29.75761590029013
-8.722108665448872,24.521429210490112
20.188188841565392,-10.111714571849156
22.83490399795212,-30.83205497842811
31.425696284918196,13.130223258909563
38.28702827668223,-8.099853219729551
27.496259523709,-30.14916883898662
44.504389081530704,-18.26353436747021
-2.119855802858339,30.010717003445688
12.411756657322282,1.1725134431618223
32.91512905784438,9.50778305015654
23.39859135691379,16.3059912927463
49.03794186455639,7.256807511363624
25.274026468604433,-32.95366543042153
28.230552293182253,26.848473743455646
19.34213223677883,15.431945344350687
-5.836204176478017,14.662610756656779
19.985642869817845,25.778558220320484
21.412243591009947,-13.786596700483724
1.7544101163024735,12.824954121392796
-2.328692862727113,10.38730638413584
23.83836626972164,-16.05526653097416
45.4049241455232,4.073437790959877
46.029883605149806,9.641376645324048
38.898040431329676,-4.4400067039573425
16.40325225502344,26.90997605577584
13.932517791413272,22.497739998806622
8.038581346369384,8.462455400974997
-4.722149896415857,20.110914583109942
-8.01112153208032,10.152399906873185
23.105576506770873,-0.5666343504120475
-12.716254686386666,21.766172437519106
24.850008544968848,-26.821484488150304
47.49457268679156,5.449125662690965
11.229796733636034,14.390368621942867
11.106180926478178,18.178176023405936
14.537351757838355,7.2876692788398625
33.85506731304045,-3.280466881034089
21.151910492674592,-24.518206420180825
-5.424098146377023,34.88279602651036
28.555799917395674,-17.825296160932123
34.16104326877186,-12.864544918057298
27.832418929469085,-10.547880415187045
22.188938550328565,6.2136340580927
18.243372804058446,19.07867749165301
42.45318409340801,2.7464819695517892
13.462429155610373,3.795712972430074
-1.9641902534504183,20.45078707389694
14.542972340256508,-9.148339313711093
36.662727716799026,-12.751419956202724
18.772030172940703,-5.0380989688899795
23.629627063812443,-3.8253371733634527
15.974908239467888,18.219798349262852
23.43253810584328,12.088236428885292
-4.1205540145486985,31.99923199295923
15.259873499560507,-2.7470680913277015
13.989363402028001,31.466854362239193
41.306391003135175,7.068540404430843
44.50643892719059,-22.161852129959815
29.984231498157687,-13.21217250517648
25.968335721764685,1.248567698538011
24.20283624829417,-13.252176701275243
28.084539354105857,17.869873369287
24.104400048927225,1.3224418148965258
7.550278948535231,28.295354688178826
22.873673673832194,8.345693799435228
25.81607902795292,23.33950987381357
11.790997259289739,-2.3964694798555755
47.882627918099715,-18.68941313624562
15.66940007590609,-6.300433828891908
4.422484542069268,9.534625100853413
5.881836966972497,5.490550947779614
12.99650849548867,-18.883694244739623
7.599937931719763,31.24464072886373
34.374617510449525,-23.389903635170516
34.517569335679376,-9.415029993467074
16.151581173874032,8.443614942362306
39.54848455467496,-14.632863498723392
33.49083395524654,7.0873943908879715
27.46729402643051,28.72509201035402
21.758534995052443,-1.4939259698076484
24.65695825164606,25.530319159181335
17.245602125708928,10.362080804895449
3.642191090767298,29.803656411778913
17.90902716087594,-30.108803486225277
25.26025651880882,-5.909799977474675
-6.961309812996667,33.482074638763805
19.472372631647488,9.489579439321616
26.21702497182682,-24.679178458011464
28.45921565037932,23.616694223415802
48.128243643101904,-15.063758300597566
30.571360745234593,22.14735444324642
21.290951558645567,-18.954452474794834
35.70377083199073,5.115040427017074
37.26712127905529,18.153539231943952
-6.035530604436701,7.999616296907349
26.471837368974768,6.865940358655446
-12.490723658857359,14.621477402260224
33.39812354923038,15.771848396056056
