-80.5331377242021,7.891907359755066,1
-82.94402723222258,75.76827125710794,1
-137.09463433069536,65.08737480920387,1
-41.13221591546185,64.75901462568157,1
-98.78113417284166,47.75042614070913,1
-74.3985973046104,51.98880218028724,1
-118.50971873999517,56.51525025847523,1
-100.55811832952115,29.202288475275097,1
-107.19777758761094,75.08529553419208,1
-26.328559233797094,72.14730188371477,1
-60.202027572071515,78.49833457460883,1
-161.52501462928154,67.20268484778632,1
-118.91843984660451,38.830652168854435,1
-84.40747872264888,35.208154633079275,1
-63.033460575813244,52.4835787752215,1
-97.96581925802398,71.36566551619786,1
-37.89204577849466,77.60953635900682,1
-122.5354886834119,69.0486877945832,1
-98.95137760336095,54.22715107124524,1
-90.64258728170422,46.53895511918592,1
-65.75560827302687,62.53029957432038,1
-114.00215141496145,42.25083976175051,1
-51.78493857201337,67.32978634521368,1
-89.34494582024247,15.600216937964305,1
-123.49977037051175,52.504690096368456,1
-151.07892784004497,62.795206999197745,1
-110.99275455031183,53.835238166276504,1
-106.12992471158437,34.66336877560603,1
-105.49510124294116,61.75953643313726,1
-88.56308008023979,67.0276632134631,1
-77.47554748314357,72.06903837260023,1
-73.90974094797245,80.618163913546,1
-18.45600937575827,80.30658425775744,1
-96.71496479107097,33.6967799704624,1
-124.7898814571447,62.736038277012824,1
-103.97389398180911,20.067017000885073,1
-85.34211141011808,49.346658643655466,1
-77.10951868832693,47.36531228443544,1
-50.46870073742235,80.54208530462158,1
-90.27085870700581,76.48691423809713,1
-114.97470836118025,65.7615352107233,1
-71.61508295364322,57.481470474567736,1
-27.599580213602195,78.71050944992095,1
-130.15187500185394,61.679774355692786,1
-42.807367815693695,72.50229747747343,1
-65.92671106663154,48.63092936692451,1
-65.87660895607338,77.08548915721423,1
-93.41514460751273,55.347879671886425,1
-94.5818187487736,64.05354222739162,1
-106.60777691038163,45.80537945750395,1
-87.89001981131973,41.0755365468182,1
-51.97498503917513,74.35289694885888,1
-110.72061321504705,31.282922247948818,1
-143.45867742973587,64.0585828368306,1
-78.00222640894772,38.56792036635959,1
-121.65735676708533,73.36350549640021,1
-70.48810759897616,70.38411310057953,1
-34.97580112468992,73.41540781979526,1
-97.7386707732477,78.17194617076748,1
-157.5956365157609,65.60520832261015,1
-98.26475562591163,38.02344458808708,1
-88.8535054284444,31.208753703331563,1
-103.58692019258119,66.98028696383145,1
-135.88421659450523,57.800410942527456,1
-96.77468659667856,16.533837885975387,1
-59.59595475262094,50.239201151398554,1
-114.80518150481093,48.038881583562514,1
-105.39518411424956,55.72976735887743,1
-76.07845332612858,64.94682084655372,1
-154.45246150187657,58.83307027684446,1
-117.56695265126473,73.28481424963282,1
-104.49393201710063,26.247676896492955,1
-101.2163587865133,23.75212129996187,1
-84.86142828772903,66.43762085687503,1
-43.576617713381054,62.073027272570435,1
-130.67476849890798,66.29774526267467,1
-38.998098314894506,82.84990027532533,1
-118.01722953455064,62.20926599590861,1
-115.81015743332937,32.051159491542236,1
-20.01141583022978,75.50052585065832,1
-74.34707647652937,42.19659305530489,1
-78.5987813961489,78.66263843578028,1
-81.18854491312673,80.27003261618725,1
-108.34608645105902,67.55994265298298,1
-99.5642242743298,62.721813456517424,1
-66.04315313769531,55.86731701067258,1
-127.09877727808981,59.16094035268503,1
-104.43724553531112,76.10270409251359,1
-87.76727016733508,35.31760499466657,1
-148.631322347021,68.68133399894874,1
-110.990325225397,39.06524034378387,1
-101.61923409524256,43.55590999664872,1
-74.56353857894098,58.29142311751934,1
-36.44338932193352,70.23688054474427,1
-109.29353152623503,49.83953239380306,1
-86.75600227911657,79.74152773963412,1
-103.17534691274943,50.71330770536661,1
-123.01508742300653,56.50917913338027,1
-93.44017581608988,73.81786515398844,1
-115.15715350127785,61.851627041809735,1
-159.66740663623636,63.02835157562144,1
-68.44375874586567,44.59548871616609,1
-83.11911752602654,38.7068416891255,1
-123.42044731995217,39.79485787147716,1
-55.082610198117514,80.29571393161353,1
-128.47048108611506,56.982465127234896,1
-120.9938657505126,48.40365657203252,1
-88.92932802184481,55.62172422719997,1
-32.48013580844086,82.41156931472705,1
-126.64680175071936,69.0391252157271,1
-43.8083045209072,80.80353201826652,1
-73.3630767143489,69.5614916748826,1
-82.82779091515252,42.613612010996164,1
-118.97471315325903,52.00149472310617,1
-35.596523973250825,76.3386798381999,1
-93.20778680506909,42.261166355979455,1
-48.8421280819968,64.3116323941079,1
-102.63460482363934,36.07080478628677,1
-110.09084737424605,78.06328430459246,1
-78.77814404824659,36.12117558969583,1
-28.22744207591851,70.0461624066389,1
-112.64640127659568,27.423511154421867,1
-55.09115744872751,73.52055116086045,1
-153.32509794450266,67.84078483103876,1
-84.65275685630755,72.1006251050929,1
-55.35660104217978,48.195620643208066,1
-118.02606799152325,77.06578522637047,1
-48.81540499728419,69.62484193441732,1
-81.27822838106465,27.21353868134935,1
-94.10503866535934,79.17456557270472,1
-62.320679904295076,48.66649780207794,1
-70.6347870708837,81.37569954267997,1
-78.1179939891662,51.69406432754152,1
-45.490844279112984,66.60225007095607,1
-99.63094790678876,68.62934880496954,1
-85.82846474713715,11.637671887118906,1
-91.49231785745833,52.544404714348744,1
-135.58480819271497,62.16289690720895,1
-69.98352683932087,51.139585255138684,1
-39.348351054485285,71.87777782759504,1
-108.34113077382833,57.62617575223425,1
-156.5378006862751,69.56069743078187,1
-48.024485172988385,75.69051691491117,1
-98.19278703519683,24.499319875086805,1
-64.89927440383053,65.97344332445952,1
-110.7520107929661,45.321033284056185,1
-63.6970206018295,81.00011485790856,1
-114.67286327294582,52.76199486909448,1
-97.88247278822983,20.105834451510844,1
-84.32859922350553,30.45369478186782,1
-157.39912109405827,60.42610899211821,1
-114.8670298458961,56.71104147776959,1
-95.71968863295174,47.20219044343605,1
-116.93807146283478,42.127838977299824,1
-113.45915451262044,72.54951986878704,1
-110.17708727120966,60.57492127390954,1
-94.67023829953456,39.84365190498609,1
-72.16262029098456,47.96726528908261,1
-139.42315283661796,63.04363230598318,1
-127.47937083465845,53.593091529439555,1
-148.90965846890882,64.65038840727624,1
-97.47361637849164,56.70372691337104,1
-61.541700216254384,45.62897281971695,1
-124.13805156860111,66.9404916871556,1
-90.18922148910902,80.6635178880286,1
-103.10389314699115,40.05265614762489,1
-95.32446799894879,29.103976518668247,1
-93.02984384361613,67.18342595913744,1
-78.19380074267035,80.98116045939261,1
-81.53944523987667,72.11173892194084,1
-100.93714126135126,73.49395452564801,1
-40.153865370978664,69.31814605849806,1
-116.69660530504223,59.437294591824184,1
-67.66264044127988,67.81919060118646,1
-23.101712361498357,71.49255624246003,1
-119.37100969444661,36.366993356367026,1
-142.48133525173188,61.51262137021277,1
-32.538435534609334,75.81647418800002,1
-101.97961083661211,57.312951969709964,1
-97.79597764978502,42.95667977526142,1
-85.63524894015939,53.175214078365556,1
-40.57768648767982,79.31434776930926,1
-86.41420024169507,64.89078084805156,1
-27.250688724274724,75.22844182532577,1
-100.65930703951022,49.49560545023376,1
-54.244926007146226,76.79741187056835,1
-116.47308186004184,35.33858074031154,1
-94.2811182025792,53.45059772522602,1
-25.810980057561807,80.96678159878545,1
-140.97635388841445,69.29425128254552,1
-105.41664794420927,29.333169086351493,1
-15.792863211602864,80.97009746756703,1
-95.37262566618165,72.75106618522275,1
-38.47209892641252,75.26177599675748,1
-114.67097848989006,70.39057127797467,1
-66.89047812581133,80.4990858935336,1
-160.4521172350707,55.45727579465404,1
-88.77669875293867,21.18137363661723,1
-102.5035251325873,62.523394286709014,1
-46.19902860674533,61.44359526889954,1
-127.1336445756835,65.6385770915644,1
-162.57617234900925,61.48035821865057,1
-110.335610362086,36.12031672302235,1
-100.24108713756176,78.80014671464059,1
-59.36305564539183,52.395105383725216,1
-106.85467069883069,39.08419500331439,1
-89.22151695089448,50.25519940379239,1
-34.86819962971334,78.86465595537948,1
-98.61117210621524,28.248597180391013,1
-133.8826143412546,58.24738458221276,1
-122.19327770823777,58.92320926985312,1
-98.97716692106333,65.7077697429449,1
-96.547856188037,61.6152561034522,1
-85.65331565122791,14.898923393641809,1
-45.94162517843033,78.33346078491714,1
-36.79790831529593,81.8720574163543,1
-83.90391411187485,69.31083907938289,1
-78.36747989940513,59.086074489941105,1
-81.39802765247265,35.693036220662776,1
-81.75929515028696,52.353887643191584,1
-44.085089665964446,69.54255183583818,1
-113.40390659176006,45.653947523505366,1
-123.1188299092864,43.256383410511994,1
-91.07677220953397,73.13631774517776,1
-150.82956144672167,65.7186303364445,1
-104.51456075816365,47.75216191038566,1
-31.515394693301772,67.88605931385582,1
-130.97373985933146,68.55593936012505,1
-71.40772135906705,60.09883310678596,1
-85.51524023046258,75.26795589152061,1
-35.79757989297275,68.05407622209545,1
-106.19453598683268,68.8828800814562,1
-79.57684614659476,48.11746617194726,1
-114.7166596769886,75.57854536992375,1
-96.56491179360542,67.2308552314932,1
-94.86804600329954,77.40382718174794,1
-68.8602020170436,58.205276289828866,1
-146.28734596107589,62.381207314244286,1
-23.905266043890393,77.18294955741095,1
-67.23529319745813,52.198604008004565,1
-32.87002538940616,79.36126484198282,1
-56.481978118299295,51.28208468754297,1
-111.7265998914599,48.26105663172919,1
-86.34425775627018,37.70757952291825,1
-87.11141468178558,45.58995168322133,1
-118.47297202240162,74.90534893409628,1
-155.65946158043886,63.265574421154646,1
-125.39947241594751,50.77545752003461,1
-70.70459002343142,78.2959182298731,1
-124.34603231061266,72.36908484096777,1
-110.54130796396808,70.87008245627918,1
-72.26339590400174,53.77409306088704,1
-120.71564656762013,65.458147909296,1
-92.12745666581469,30.862313590291734,1
-78.06297352141176,55.71953688897019,1
-62.33676459720381,77.03075411198776,1
-130.49773977417829,58.35201487532717,1
-88.0371903147411,73.69097084622211,1
-137.85035816942107,59.62080827607819,1
-98.21168523700706,49.692554863155515,1
-22.10673868215558,74.99526043815487,1
-47.84042612563822,68.26539835271296,1
-110.5865455544471,65.94129362225375,1
-73.26983894265025,66.97336777662707,1
-83.63528772469536,45.196248785490724,1
-63.639728225687406,54.116091671128586,1
-77.04172156125324,61.351019904750665,1
-82.21195936015789,31.404903148622964,1
-40.095989221294445,74.30175764713448,1
-111.3367140631336,62.035599899761536,1
-105.23441971104754,58.67763358235704,1
-99.64113311254326,19.64910128968466,1
-76.86947340020795,42.56504970684891,1
-107.62967022872112,54.34902499668498,1
-100.38678682785229,33.50390475100037,1
-124.9803203541151,60.03807461200517,1
-89.80341489049445,43.92799682747111,1
-92.83850134201494,70.65235541703169,1
-103.47652146251816,33.55746038082775,1
-121.02302746573963,39.008047561913585,1
-110.11408102989172,28.09343976501048,1
-91.22454373172931,68.4514130608834,1
-90.51420777796682,64.54416141997106,1
-70.8338107799312,43.01285713544064,1
-102.7556801699047,54.69149724070398,1
-95.9803344089901,75.36419349351945,1
-111.13900993029642,24.040639220639136,1
-119.28394454848015,43.67162308297556,1
-33.12590221187166,70.27709169755934,1
-107.74205676812251,42.81371742158057,1
-120.00547304304159,59.744116727010585,1
-117.26607106755013,68.8738392043872,1
-122.68297866886817,61.99859185386702,1
-83.01520944310039,63.51910130037676,1
-98.13641953796818,58.71117317943119,1
-27.85367479295111,82.68840002740897,1
-131.45572724381222,55.89644509714146,1
-94.92476217094355,58.7402780704377,1
-110.79583310434742,74.68790576418725,1
-160.38725369251455,69.44437311310615,1
-112.43947476386136,78.35187849659201,1
-124.54339441733664,64.72596751073439,1
-93.57539532887425,45.60175190093553,1
-46.971627355968835,81.09176813294364,1
-114.48748053193708,39.016727861345416,1
-105.50167285518351,53.20656290528073,1
-146.54023346648833,68.06667962303786,1
-103.6910239341946,74.11420896086182,1
-68.1181160899144,65.34148280134465,1
-142.28384271139032,64.93507958053895,1
-102.1085768760878,47.2495056911558,1
-84.81054067959231,80.8024265051701,1
-141.2317367856079,60.31578925314504,1
-122.79071660807807,54.91054367737096,1
-107.68141317549826,37.22471791989912,1
-68.35496909994609,48.8504800858444,1
-164.97467989681377,66.3011303448893,1
-80.58664094621491,40.985921415306414,1
-26.027543831432965,77.62727764435107,1
-94.85692848179124,37.400635403671316,1
-122.4965380709739,46.333453007408764,1
-105.21248295733177,64.67410873116192,1
-87.4056099789316,77.67960020721884,1
-30.4698510559507,74.96296870519821,1
-83.95636116463601,51.81222707869597,1
-132.91061878840904,67.42375522084639,1
-64.83382525461782,59.97503536912339,1
-70.02647000372222,55.75638263987509,1
-38.24206759715162,66.47719685645265,1
-101.91808322583786,65.22620181312415,1
-121.59377278582211,50.650398275787744,1
-119.18442713512225,48.79761509251679,1
-133.03358252637423,61.59984799508625,1
-60.359423268479034,54.6117445504613,1
-152.33556348332647,60.56962819572959,1
-89.32442130788772,29.777305251296525,1
-51.052996644171905,64.07967775785026,1
-79.94781178055612,73.79316089329959,1
-88.16928095256057,53.720284605612775,1
-107.2187234023968,60.99729143760485,1
-110.03129097891262,40.895896002470096,1
-107.06737656640118,31.451036186510095,1
-65.78489459806892,46.50117606993882,1
-103.85132938816282,78.54903269798702,1
-119.31106154043357,53.759921780070485,1
-59.93324855539228,81.42758691398562,1
-102.58756922364917,69.36497425791826,1
-112.58593483079686,64.62748750551796,1
-98.5759966834655,31.644700615351745,1
-76.68103960755205,82.57848641744712,1
-98.82596982736047,35.95146549882003,1
-45.60515239860057,72.00037242980369,1
-115.65316138629449,45.21484944096168,1
-75.58172364189767,39.88419369518942,1
-57.08147578307324,75.79214325421921,1
-20.449386227678232,78.62763128725473,1
-124.73341227422141,57.42599800432131,1
-107.25897853834998,25.237606826826458,1
-114.59796128449317,30.297192620571465,1
-41.5383502241249,82.75125517626724,1
-97.49823912468578,52.41852878181118,1
-70.5841875548642,46.688042747156345,1
-51.90788275074714,71.07009035565298,1
-93.49985408626192,17.483862744945355,1
-30.21811681910613,78.26341545292914,1
-157.72692282722704,58.37966347676069,1
-126.60850384608122,62.502678649559826,1
-129.30233937631053,69.53496782155217,1
-89.36471845304219,70.58471786493298,1
-118.36843338691291,46.48940910167098,1
-136.7250993880986,67.67624927701787,1
-108.47359594878398,76.90586816027675,1
-72.18479134627185,65.68895936245016,1
-79.52766004515337,34.52346882649902,1
-120.00809582888189,63.64735142240852,1
-90.00563304045467,37.762398604553844,1
-49.28415682655702,71.98748875243304,1
-112.19682405738887,56.49803791781326,1
-57.024285483833424,48.09677944336646,1
-74.5526413495512,70.25239908002672,1
-63.94818922611812,50.68517877241494,1
-75.81296585542736,77.28248149230802,1
-158.75190913154742,66.87647141739546,1
-131.0474577479903,62.950541787789476,1
-85.7796238707533,42.46112929378711,1
-95.15491766174874,31.691739106297334,1
-112.14376872765794,51.2898062775015,1
-114.46887060578071,59.03461048829592,1
-75.95441084810925,37.6960016474675,1
-78.20656764793547,53.83026621736849,1
-74.55036098745865,46.79588620794608,1
-41.51933312519378,76.93654023936507,1
-109.36691258669983,34.572217118854866,1
-109.92987766471072,55.979981849178905,1
-63.690286151509014,57.42881880293569,1
-81.62582336798911,78.0120271342178,1
-109.2940343595078,52.11484337321592,1
-91.79410798231754,77.33246723105226,1
-30.979192662362323,72.53715620597062,1
-106.16707157434806,49.06420866948524,1
-68.21006440861137,6.666351918047569,2
-67.59269734285338,-32.88210307521229,2
-47.22633551430099,-14.295520348286562,2
-68.20322492908895,-15.556342311422465,2
-68.85282253036686,-48.848046660224455,2
-61.280389917622095,-1.4111989306303006,2
-52.2693048891343,-31.05191995839374,2
-73.58625067743772,-8.611877653712398,2
-50.25292987075984,-3.412697757215941,2
-59.53786855989835,-22.61655466799988,2
-35.960096748889356,-7.3800964528267325,2
-58.789893492913535,-10.413457688007899,2
-48.66367807183529,-23.74283253181462,2
-80.09629588585875,-1.8674652623275207,2
-71.36350222035534,2.7029346911582675,2
-59.94004386568292,-33.38969391981815,2
-66.55408204648133,-24.908601899106735,2
-44.025631561136365,-8.421527768710426,2
-67.60193416846468,-6.722289967849026,2
-58.245093717556685,2.3090870182517644,2
-67.66382595249846,-41.425998826138326,2
-53.60362874752065,-17.939635871789285,2
-60.939494580097474,4.149998815985844,2
-44.178561097141184,-14.658160136791775,2
-53.675475654863256,0.9890564023061703,2
-75.03017198300915,8.422419399726758,2
-61.45209761661333,-18.452717549422804,2
-64.74866462196071,-10.859270247611065,2
-42.024082809988684,-21.857672126554533,2
-43.38082139480997,-3.960705530661313,2
-56.04247502113663,-24.991659701676646,2
-74.48579645131596,-46.032702650820845,2
-51.66079246434378,-7.071699667946756,2
-63.14131342814894,-29.025135399255074,2
-72.27012545404493,-53.02092681964066,2
-57.83447953127266,-3.4339230971176846,2
-53.50661548047096,-11.929872136258842,2
-58.31464995073692,-13.04123682347022,2
-73.02584128657594,-37.51469086419627,2
-41.53176822935668,-12.928290175325074,2
-54.07919922708862,-21.2397219322109,2
-62.243817814140236,9.466535467715397,2
-66.60551705025495,-20.63943794538705,2
-78.79780607269072,-7.6888888858994235,2
-77.28129846990991,2.9069541584108,2
-71.48760947829649,-2.4041252802772863,2
-64.67760749000585,-37.498330919972915,2
-65.94973607103337,-3.379101825656141,2
-68.9268344003717,-29.65302971129777,2
-56.7259403877794,-32.2456085009147,2
-60.793421322976755,-25.618405337036744,2
-69.21065842710743,-53.77580506040254,2
-69.51585921667504,-38.45274581712415,2
-38.33301795340192,-7.975625937337593,2
-74.26284630259283,-14.909191798955066,2
-65.04479593574654,-33.34337028222494,2
-49.173617836829926,-10.828563563744659,2
-47.38383816732596,-20.92786119088054,2
-62.08582998097533,-21.712286228333404,2
-49.06958245291573,-28.00736440537673,2
-67.62327050017257,1.8794325476592437,2
-53.98465944183181,-4.942733062784416,2
-64.52760695611434,-15.537082037709554,2
-72.87080002834207,-46.33012683316356,2
-42.132351025248056,-17.599327758836825,2
-58.2072918648428,-35.960120905198664,2
-67.59853709169225,-43.90817628432075,2
-60.66041891253585,-5.64768763606755,2
-52.902441186005106,3.5843932547862334,2
-71.9374919802248,-44.08812432774388,2
-61.59557167106009,-37.29285704812013,2
-76.62785482600087,-1.328882860515801,2
-69.77828076046201,-17.507452950113713,2
-48.530159315332405,-17.44622895156937,2
-57.115005009401074,-26.951835791110447,2
-59.63679370798469,-30.91104894015119,2
-58.76831908569723,-18.629116076985486,2
-57.05793933878418,5.340780587265153,2
-51.688916994921016,-14.28089666628328,2
-71.07850850022729,5.846790446080648,2
-52.56808464672494,-25.069795056741555,2
-70.37042571344176,-26.90140082575806,2
-74.06904813411259,0.9893504126813664,2
-52.764794150487425,-10.516375746667629,2
-73.93652616568866,-6.392732842272464,2
-62.29178187849435,-25.523421063453988,2
-55.51828041596534,-7.614924125769719,2
-47.676281740065654,-7.131584706887169,2
-70.63270619681992,-35.09457480323387,2
-67.26511991352456,-22.826060604365146,2
-76.11931480835771,6.334227709899485,2
-69.81229941991089,-4.991961784875972,2
-73.80902865312245,-50.57834364162555,2
-38.652394087071784,-3.785763963715379,2
-66.43772201412618,-4.742855205651393,2
-63.75709445057412,-2.004718130265273,2
-75.47013596881074,-10.841232097088064,2
-43.6170443366046,-12.440813288039463,2
-80.41906976286202,-4.597806452129706,2
-45.82021951966842,-3.235521489702659,2
-66.83799991869569,-11.979407406657902,2
-69.49273039270307,-0.2976084429465775,2
-60.7970999461326,-14.181420089705695,2
-37.24707171079134,-10.779068139311311,2
-40.50588522267377,-19.900749911711927,2
-71.25863822925164,-7.302282478352838,2
-65.50970653289507,6.936233407913063,2
-61.39961008208445,1.2547774853461693,2
-71.42778037646282,8.180162502401823,2
-71.3825440288666,-40.65724879105975,2
-51.472838339906154,-22.384320447341153,2
-65.38756928997925,-8.221974362741175,2
-58.603883388707885,-15.758237807824901,2
-48.999603818834004,-0.9257512166025048,2
-39.85326216558177,-7.0167181735596955,2
-64.02669026487247,-25.649916807758625,2
-73.55882680570637,4.986389730940141,2
-51.44583069687168,-28.83078253436522,2
-66.94760836460308,-38.90958803702811,2
-69.29556209613078,-13.382613349662996,2
-56.30636015302373,-18.76741407301982,2
-69.46219569741102,-32.41423030582686,2
-79.49710126982265,-0.034338992515008826,2
-50.86839295042356,1.5240321360794216,2
-40.378399137258555,-10.137695118296477,2
-60.314696452231985,-3.417127743384267,2
-55.175163892176776,-2.740581723743679,2
-52.533390100733044,-20.45869198110146,2
-39.67928583726953,-14.918037848306678,2
-64.63079055065332,-31.208266919922075,2
-76.35382852775214,-9.270278953598723,2
-69.6350486170154,-47.883238489609674,2
-44.07225207622102,-18.787854871657835,2
-67.43937379563583,9.385892536637806,2
-66.36420912371955,-29.391376213106476,2
-62.9280819224001,-35.271885230216085,2
-58.231704003869794,-0.42095987927374523,2
-69.65200419155823,-50.819261617707326,2
-56.515843955842946,-15.564821364558368,2
-72.03332990904723,-0.4931532916434911,2
-42.901007905188095,-6.60408115560633,2
-72.99120613267603,-10.572963355594256,2
-75.44992012727641,-3.5618832933712117,2
-62.24840277466723,5.55829817166134,2
-53.896335750412995,-15.129878577885412,2
-56.93006222154815,-8.645710478210864,2
-62.97978307144592,-12.341214066314901,2
-51.61926922428204,-5.008387038348394,2
-49.819779662728536,-19.821285584473046,2
-54.591880407442666,-13.334416073091628,2
-51.741660040927556,-1.8447053354393308,2
-54.37050490485253,-32.95342854618649,2
-73.5272897930553,9.141107723875733,2
-60.5036028963161,7.64792680606468,2
-76.89360580610462,-5.693117246083718,2
-71.75792231356846,-14.93448389647106,2
-76.85042874995975,0.48896966730562674,2
-59.39722974133609,-7.884097570118055,2
-48.07376837756567,-9.024913458269724,2
-60.53804136797778,-9.115455979213596,2
-67.26075211425666,-17.113445230351083,2
-65.86735398003532,-42.25149867131344,2
-40.646207075164426,-16.703066322670956,2
-45.70651609867074,-23.170233095445447,2
-43.5234933086698,-22.2136742859962,2
-69.38083668158357,-36.472805469903705,2
-68.22180896580917,-27.48157241319681,2
-66.8741882197651,3.8973792182926434,2
-57.05492328091633,-11.530300405576636,2
-56.16005078268092,1.7308888136263025,2
-53.90145144189275,-8.765701651191808,2
-61.73204012348885,-32.27685766851961,2
-74.58547050416543,-48.59506411684016,2
-58.44290863059258,-20.737785013057643,2
-45.97245999600888,-17.19642250313421,2
-65.75509228122456,-44.52637071643392,2
-64.72487742202348,-21.634751327198334,2
-71.92328903157153,11.742638992241952,2
-56.57758918788139,-22.637908988512137,2
-69.63159205722337,1.8608523853327927,2
-45.34900326696558,-7.286508085749098,2
-64.4499234446838,9.069729999929729,2
-67.12416396405837,-54.85847798785375,2
-54.67650442565469,-0.03251888799904812,2
-50.319561192570326,-26.76661521792895,2
-63.5980069698991,1.6293118679973038,2
-53.688912244894624,-26.65313655550225,2
-68.90440989151632,-20.787786411613403,2
-62.66172287400079,-3.9978379676652267,2
-68.17041268052756,-8.285091990725412,2
-63.477401067409644,-18.37505885175076,2
-66.66964430061037,-48.00605585022325,2
-63.027236525377354,-23.216024078488285,2
-73.54771616935957,-12.85584782876581,2
-49.58026015772552,-13.007232350072378,2
-50.88577855910631,-16.67964145003776,2
-47.22485351878599,-22.947686120795634,2
-62.35534269585884,-40.087591596339806,2
-39.080839331764565,-12.034175268781214,2
-57.9090107256209,-5.4079057125752605,2
-59.18344531541508,-24.87775357241566,2
-66.91583072405471,-0.08244738363149828,2
-69.9661668070977,-41.32797862904696,2
-56.21903223020395,-3.9237182109503213,2
-63.324699406718096,3.941359174265239,2
-62.667097512451164,-6.979065813159874,2
-60.49470638777722,-12.18025322319494,2
-59.51612862532272,-1.3228775066374947,2
-56.266026013175576,-28.32444135847735,2
-75.72638373324598,3.176270082195172,2
-54.553902131232,-30.32278069165322,2
-43.02761432951563,-9.56464785913299,2
-64.44986292470699,-0.6884829438029545,2
-69.35994559859765,-46.160176109557476,2
-49.743021040499386,-6.699168118269103,2
-75.04964771497454,-7.67669393929591,2
-78.61601916043534,-4.085339106241403,2
-55.2424950017307,-22.767046068914606,2
-72.0582219754683,-47.79060484332539,2
-58.76030178341523,-27.56955420452811,2
121.20480836452742,-24.526330786318965,3
142.85776310346475,-27.31920851906317,3
128.03828938253446,-17.355044081155583,3
137.18630331102622,-17.85000443307666,3
132.20985114193536,-28.08525918429241,3
146.9021299170412,-38.02739798720927,3
152.26733873773088,-31.152308328090378,3
144.62615950300437,-15.79707392645778,3
138.9323032487235,-33.18298294199559,3
117.1638706243863,-33.47924170106087,3
145.9108630015435,-21.809219987830815,3
128.800501453209,-23.46077243855369,3
126.31317892085309,-30.50420317568911,3
143.47871063183484,-31.406686021090124,3
132.92095870448617,-12.961038151660354,3
137.80777408708178,-25.08479146307052,3
116.51590582733249,-24.254535652432125,3
151.12473124171737,-25.94838754958486,3
121.48461916444468,-20.97344687620342,3
121.79452857344691,-31.279934715504425,3
147.61571207703295,-28.411699992700438,3
133.2230505509032,-21.28060120558021,3
137.60205298659852,-29.691337485817353,3
142.0297679764271,-19.966417988752077,3
125.44106098931604,-21.627678505940942,3
115.58286474996396,-29.12557957993147,3
126.91392476708779,-25.379773957750693,3
148.42559317429476,-35.35282655839058,3
135.005934531637,-29.034734984323155,3
151.04958847170914,-28.31101948026287,3
141.92955946342633,-37.51205577901516,3
131.37333430819933,-25.654277661210735,3
138.81646101081787,-20.066387043529524,3
140.6426844439576,-28.75195757243548,3
135.93467988752658,-23.28278127008411,3
132.33368595660176,-30.950216086167146,3
131.06007260689182,-16.59662397919956,3
117.4447118880269,-26.213548638624918,3
123.7985097275994,-18.59685698548608,3
147.6224427974293,-30.840957066523337,3
135.744939917884,-33.28348922741747,3
127.54378948551107,-20.091295767016074,3
132.6670412380091,-18.167372955247618,3
126.01225221615483,-15.766398477664275,3
134.7997195744692,-12.414664844525735,3
124.64220839117199,-32.09526846239174,3
121.62954225876247,-28.084651560090354,3
127.46635730506816,-29.433941085110735,3
135.14948756415305,-19.59891366599575,3
144.32509349637058,-18.655253913456633,3
133.23582409187856,-24.052089141388443,3
146.90056648412167,-25.370671245408417,3
143.02013429543416,-22.32946056767851,3
130.76675070782935,-21.23896620464523,3
124.06407234958732,-26.676413125156525,3
119.5029820921333,-32.599366804159786,3
123.24134539186794,-21.774660655674822,3
143.25786097420644,-13.449617486683703,3
144.0433066719606,-37.21007994569003,3
114.20244878829152,-22.173873927694956,3
141.24873860135625,-17.898832615657142,3
118.3244406526005,-21.449981989452695,3
128.28271123302164,-15.0400389655065,3
144.27452774550432,-28.32089472640454,3
133.13069850882565,-15.262807175069792,3
145.76810317451148,-32.04819734577019,3
131.35346264040524,-13.199487212052425,3
152.36643174947784,-29.114757596761066,3
129.0187497086427,-26.617708607918743,3
150.46461945776323,-33.714154564499026,3
135.0096260758418,-26.990040601410914,3
123.21380111098148,-24.170282234625546,3
138.43358410189083,-27.537423355675145,3
148.48324839572032,-21.624556443726526,3
134.75403208523272,-17.372330170144103,3
141.41402861832384,-31.528479502814633,3
122.27045243554487,-32.913065955716654,3
126.42234302099001,-23.068258665546633,3
115.21017228773455,-34.085827496194625,3
142.21849815314312,-15.001855455147453,3
141.19898285908428,-35.582960987765006,3
138.69491041419863,-24.089876726739657,3
115.51641740652119,-26.47037187494242,3
122.73322768008256,-19.316292259547456,3
136.86188038082025,-19.915389997443725,3
119.78934136013459,-27.23511843746675,3
149.5251596806316,-23.58963068833701,3
147.13469766965733,-19.74202632071909,3
141.63534456517934,-24.34356253887642,3
128.56432448327504,-31.16666143426537,3
146.2951594120413,-36.211609547828445,3
149.9383972060053,-29.807611574851535,3
137.8834780676911,-22.081205792183724,3
148.25049259497993,-32.582608069465735,3
117.9725268802437,-28.547130173343476,3
120.43233234835753,-22.41743584554198,3
126.33728845908547,-27.205239838791556,3
144.40931686381558,-25.76460729050028,3
124.17099614463417,-28.135589675202958,3
137.57631571178788,-16.5246739346199,3
53.90755507185452,59.038537704693866,4
139.35900835451645,49.30534278254716,4
104.9436806676739,37.87707333500964,4
15.363686544421626,51.58098276696737,4
56.646921199681444,37.40353003783981,4
86.82561442710407,52.297906873982164,4
115.4348526109082,-2.593807915680763,4
112.58709433746799,62.712722995337245,4
163.98541088413356,66.24177279540295,4
81.71703838456172,29.790384206956027,4
33.51845090330624,50.19263993436176,4
88.60224616928727,71.55558756448978,4
37.92163835466813,31.804394432217507,4
102.77105064936981,16.563751720610572,4
141.44378847058286,71.86907328962099,4
125.70153732690123,44.728433214996606,4
70.39044270471825,57.39940133939573,4
3.2774789783564415,50.64747905691098,4
68.06431115964605,32.388894784011626,4
22.20983200907949,67.13454478161763,4
113.95352514931116,27.284878181154426,4
129.56185928061302,66.89410431552791,4
143.93997855824125,-7.422772405379213,4
59.89211945580728,28.754560542166143,4
102.58955413557126,47.135837680114655,4
90.57679791702724,36.86666462553169,4
70.24384452711669,42.05936466560914,4
50.89117527638787,19.078602135588486,4
34.60577896612263,62.11808547969821,4
-12.02170912297268,62.587432937931446,4
80.11548026915102,66.10964715538053,4
145.98953781465946,61.851107677516715,4
77.58748428332031,25.730505066222552,4
104.65261389333413,74.11928344260866,4
51.389546330929676,50.36152264357861,4
57.489878942728595,67.93796545071567,4
98.99709911856901,59.18226693815547,4
175.62111750416273,66.44894798793493,4
126.761882333204,57.034750628489796,4
103.57859870488662,-2.2826784588403726,4
46.661401039323906,38.1997461063772,4
77.60007094141193,16.616390034953458,4
89.00742499594129,25.022083350340246,4
21.44665401646857,39.54586348846109,4
82.69176646514228,42.08363722599946,4
124.22451713116915,11.678751380162318,4
-5.332267395641097,42.21588641279085,4
119.07218870211837,45.93330343128351,4
24.18931477843511,55.819235756592896,4
66.42583138777445,53.40122494511934,4
118.65168432050035,72.72490979559447,4
65.8658647217488,65.74587367057092,4
33.94867434495846,38.9441253866148,4
94.41571370309562,26.18718084619212,4
39.92207767749116,22.97293860598126,4
43.56911549872812,55.59474735336633,4
26.347420767749696,46.16500569241178,4
12.041788255541675,64.29180555404918,4
130.80414483535068,32.40038800174703,4
157.20007115841514,52.1347242728164,4
132.64113811352192,59.36244784351409,4
96.30208534873303,44.63940856695502,4
118.95043404568459,56.57530315836361,4
47.24129573869804,63.40143787566651,4
57.948376824525326,48.07245506055165,4
95.94423468769475,68.64804534989261,4
154.95552562498503,63.51511522489243,4
89.47212785798466,61.91402845519258,4
51.87693118308955,31.243158303792057,4
75.62110122181264,39.93502359430035,4
28.237495689784083,62.54369055977669,4
82.85185295632445,57.04027173953221,4
105.5848709329357,23.44692165545454,4
77.94980478970243,54.83149971996847,4
103.10676164055408,66.48293643124676,4
2.7053351391937497,45.365645441320154,4
131.52389275033843,44.95013156324917,4
104.73590722618697,54.14344450832947,4
116.9955680839036,34.21786052366548,4
58.3271877064353,52.29401141964569,4
98.33284611465685,33.166976811896994,4
140.07818938801535,37.23751096877418,4
93.98664731347569,20.38549445074912,4
41.38614787822753,46.79219481467399,4
138.1001189871829,66.68446968662573,4
70.5916762122315,68.79497952803662,4
112.68659481921514,42.946412165758666,4
122.84451025223338,66.29402034093617,4
98.80306692104273,50.244383856076915,4
77.98227657937778,47.17085352746643,4
-9.077898153333763,51.957196504560066,4
39.328200902141404,53.88721013149792,4
114.10435444436587,52.49069496031122,4
45.17131558724463,14.496889004633616,4
162.6397902828578,59.81378082032129,4
169.20598645870263,62.541091991561196,4
-1.9702925319015065,52.63437704030086,4
131.46415781442258,49.10603489917761,4
87.82228108586466,45.82303871008887,4
117.56785129891244,4.369567304319126,4
106.82843106074378,61.74478863505044,4
73.14885638773359,30.42275038352227,4
-18.98955222308409,65.46895809192117,4
124.50538930108553,50.78082570495742,4
62.84541082654091,40.039977566573036,4
43.94558560621552,29.981826265961505,4
8.214957515845114,45.1411124080624,4
149.26278189411408,66.87301468451143,4
108.56319054600773,29.85498669454924,4
31.96432216498205,56.93748068024008,4
108.11288897119556,70.70818877068848,4
141.09471944804432,60.03984535573661,4
68.80506989798977,26.763522695125015,4
120.15878208288416,28.608412097804262,4
94.54756022646467,53.79477741073178,4
55.10210293382316,24.012106987442568,4
120.95779273632962,-2.866974999413877,4
16.75389392691629,59.90997103365009,4
127.85488484658266,37.38155260121054,4
80.60984145540415,21.08470662041724,4
30.699418446494647,68.60973340233075,4
64.38621775741572,61.57532575075951,4
40.35112635260429,62.53526870345561,4
139.01260524073052,-6.705646366446011,4
71.0311470589882,51.74211129875648,4
79.79999322688253,71.42022392283326,4
53.01462337667226,65.95287840450372,4
109.03828533636789,46.02368553910104,4
22.868249939544278,42.47580115553577,4
73.42536301053433,59.11856928632606,4
19.71574012754443,46.1690493904238,4
98.71379467763191,27.81764568837687,4
49.45789988990526,23.846569848739822,4
-2.0461804150804284,37.68166738670033,4
94.2182798846699,80.16725893017453,4
83.34395211787138,63.15190874084732,4
45.2910783326106,50.3701279163213,4
66.14394881160905,44.96170287097868,4
72.39095558789954,22.681508920697663,4
85.06061706167769,21.409248340634864,4
107.70443904857494,13.81673952835797,4
86.60650553618838,42.31657192369193,4
109.35359071488026,39.41057136104241,4
80.20744848988292,35.06623742745845,4
119.22269512277167,50.41194105383571,4
87.3198061396597,32.50861369972165,4
100.7486887012065,1.8326555361309076,4
110.44975221275679,-6.853966976181496,4
113.9832530877367,47.567880332018674,4
69.28903454372902,37.571019561821615,4
97.66636771215389,63.20654684118327,4
112.98580268685824,67.21631998721091,4
9.468124582031407,57.47184792048196,4
29.884151174218623,50.97522637108671,4
96.46910338997628,38.26553038502279,4
62.72409229152609,50.77085085143095,4
120.76632651416044,61.098292590833005,4
100.99124073197333,41.54086078496967,4
49.994604895774664,36.41135684346487,4
110.9344731242175,23.18476445500208,4
15.334823998858568,67.98319640041632,4
104.05394172458554,12.410778212139306,4
62.733876984334664,34.11405291827157,4
132.13609747891874,68.27266765150992,4
60.43076721698828,59.563333351963244,4
57.0501834484664,74.0635691683414,4
53.47255281228415,43.60174455787854,4
134.3023488542626,53.82350785490599,4
56.73432869193309,20.194137938035887,4
120.76278015123131,16.274349528989625,4
114.84617993467486,59.71622217639655,4
42.996421221306335,39.12837481626217,4
71.98603971211148,72.36834497631236,4
110.0599186428243,0.35306959231441226,4
47.47538005034097,60.321733165844236,4
15.083332534693142,41.02601497705466,4
14.376235722760597,48.347816283206356,4
156.55936044463587,68.93330838727492,4
73.75776141546066,64.46366369119565,4
22.310307579389715,53.336717832673465,4
166.97727442274683,66.55151335202166,4
171.598076597113,66.95147767389754,4
27.053199024982206,40.22743449046459,4
100.78998448890569,21.90666618808372,4
36.300039635971274,27.48403077831575,4
92.36273228559038,64.5656138218543,4
159.69950716495308,55.755199713238746,4
142.6653872214469,47.015419398075814,4
39.78546465461789,37.20022618470158,4
126.62524803675993,61.90056982525154,4
115.97334731548597,23.669213393523638,4
24.25781062506698,63.5050111385696,4
100.87343464403685,73.46706245334694,4
101.57283131027593,31.739183010893754,4
128.54312468833604,72.38221059281827,4
27.651341930224433,67.9192298302841,4
118.1696699188225,65.30310423446639,4
92.46217826489288,44.16502977542049,4
77.5470095554046,12.425896931757649,4
151.30897127338812,60.38878808568124,4
34.548928642721314,66.96343611661774,4
137.86955669213012,-1.94013510588983,4
84.97237730017802,69.80350449152448,4
38.76701055024547,60.38873180797921,4
48.37757145138934,47.161070302595036,4
92.87947445358989,60.6466850075871,4
73.9884202753842,44.69765218009951,4
92.77803874584973,32.94729410636134,4
60.037282574288156,64.02351682641378,4
10.076991064897584,51.10700845584814,4
136.87712432525421,57.15525622471938,4
109.06613966504625,35.04866135439566,4
136.10393768192444,62.56933266751845,4
40.90333101441287,25.910006611662826,4
121.46409846038722,43.42559817929993,4
102.15762186004196,78.73834135879073,4
106.30169795886022,57.99782701177509,4
99.49173909567031,56.29329250956118,4
91.49246344001298,49.30799738565219,4
142.94071557979882,64.69063492684313,4
136.7091557490117,35.19884175668128,4
57.70048554449283,44.176824555901725,4
48.833051911563906,55.974635144884616,4
102.76562461613872,61.30488572543629,4
157.61742021489124,64.6055770043481,4
95.02180716849706,71.10150127520184,4
31.892524367001712,48.99438083482023,4
76.67180389639117,49.74918019283834,4
110.3051520507762,51.02210418635822,4
87.2615353019193,57.58918436322037,4
44.476344722693774,23.75639873951158,4
106.52805322258922,43.85820264669028,4
119.97388565523775,32.55901609302014,4
85.79489731745828,27.613786850067605,4
55.640032067776936,50.76160276632406,4
-1.2344679802936156,47.433407367668174,4
-16.538597855989295,65.59291161391488,4
76.66326040911066,34.13163719762282,4
68.64250643458422,62.5765045784273,4
54.18871963810357,33.5710850849823,4
50.466522873531716,67.30943507419052,4
81.68341998881218,48.98050490953583,4
99.4544185124278,14.254570688818376,4
35.03845849618631,53.1593606767669,4
45.262359652044935,18.671906991042047,4
84.50522363849765,53.73017486994048,4
68.710830123735,40.51132119955387,4
57.40294026907809,40.74205544368631,4
113.32557815829264,71.42864581746477,4
125.46654168374928,40.14831386242182,4
131.072784902436,53.919901403455086,4
41.723741229573605,51.12703596415929,4
65.80585044468236,57.278693326390695,4
97.4822056467191,52.29645521760272,4
77.65782392900033,69.15211494122813,4
16.47550160597767,63.978903620873275,4
7.789256822934746,50.96920343784082,4
44.024949664968716,65.04361954347841,4
106.51615509709382,67.15021383054226,4
92.89031316586875,74.7915725210743,4
144.26479678456883,71.2140068649218,4
109.22628309145219,58.919005925278924,4
-8.373416363360732,39.13946856698004,4
81.11438653466739,16.539652804903866,4
67.35048551399497,47.49693187992616,4
111.47795668721174,37.282619125742954,4
128.7100346739334,45.42055638839064,4
58.05711409368747,29.97169380834605,4
55.61824359127733,57.31185684693948,4
160.93519078972665,63.79771929501,4
38.02699442706343,44.96510189106853,4
128.10780759521992,67.83697048365667,4
78.12496957497363,41.14238115168932,4
151.97445575679276,68.0997540278745,4
100.07130070057829,7.028613630839985,4
61.33377796241621,56.999537225526645,4
34.18296499507271,28.5025553072515,4
114.91969397016487,39.7450479902641,4
105.24133855149783,28.606173891197255,4
51.92201638543984,54.11268967716921,4
86.27902619746398,37.040063476166125,4
64.74758149095885,28.293038286610617,4
175.11897482823838,64.73544253522809,4
37.50125380586418,34.32423831228522,4
129.21624407014835,61.07991931394655,4
75.75477808143002,30.802271309497147,4
89.42717910435567,30.56759330908345,4
99.31514748143071,43.76711962121635,4
75.57766233360171,25.57762425423174,4
84.79373366472626,46.47567441970941,4
45.72375795824221,27.31759068198384,4
119.51998299379594,70.60581779824112,4
21.743292673780502,69.68572277538043,4
-2.191372141709209,56.54505650181342,4
105.26153754181237,32.8272258289174,4
90.21253524949029,67.48010275923667,4
99.76432497631134,18.97986403694835,4
-1.094935706848318,41.70560201506997,4
67.49099432697061,76.64260668125085,4
123.57986651266735,73.31927827368037,4
121.42535095524781,53.58052543537009,4
112.10414566573012,33.56997861774982,4
32.640617533620244,37.408715779167196,4
124.01103171502976,8.451719765122228,4
110.61325500798687,75.55831746818896,4
98.70944209284164,67.7676024919856,4
52.59689490330986,63.054036290151565,4
89.11949226958299,48.02846936905756,4
124.38801096290814,0.643884126566185,4
52.53303902796591,29.409703227149798,4
164.19771022885095,63.81166140853426,4
124.19991545255915,64.51986237907258,4
83.37938309879938,60.75087023413299,4
131.05986720889342,-1.1816924111393163,4
54.58521338573007,46.42733320885006,4
92.50643583853049,57.491515594504406,4
133.36273536178825,71.09275445030451,4
62.835305603682535,46.85648483017914,4
105.02379397194346,-4.026545206907109,4
127.65606643064757,49.46426318686821,4
72.44989138137208,47.313341277995605,4
44.24741001748929,57.678190798233274,4
80.21814230378884,46.802659626681624,4
96.05520981676283,48.94170452048663,4
160.89747594163424,68.05380752324008,4
79.57698927429436,52.838630773418274,4
98.96779577406173,36.35400541969297,4
68.67236270899222,45.73263199216205,4
52.989341471959314,56.98291292589536,4
26.16040598951436,52.506343392487196,4
86.31559762355121,72.52266282004618,4
117.39278774435812,43.32342603017421,4
92.73216006527781,29.573408139137804,4
139.70796992853428,53.4008886499602,4
142.7886703964841,68.61578649395514,4
112.84306575279278,0.3644583301088815,4
43.67597860284143,41.90253046873215,4
48.67926559571926,35.077343234637084,4
73.85026006086144,18.26117120365837,4
50.186839810458686,15.38789178630855,4
32.252676633341665,61.80932111431127,4
-3.6775458709058597,54.97944911195351,4
178.17384200422134,66.45946503574616,4
17.63801583629619,50.76371396534503,4
95.67619173857119,24.34658713825391,4
-8.392568837761218,42.64867826870929,4
148.21514398247723,62.70106046595627,4
86.14571284942905,63.305295803298485,4
136.15117517514167,49.94449767519502,4
61.37322419825734,37.17857798291655,4
37.17885249300626,51.3778625636315,4
95.24547497163691,16.96486842278221,4
117.25519287355097,54.126390285205105,4
5.930312924641996,47.31333725731392,4
41.127183132503724,32.89742933672622,4
41.77363090202222,59.59976962027535,4
95.08633188325145,42.836649948313,4
85.95746175567639,44.02363627688839,4
68.4044971922344,50.030064703785044,4
53.456461901772684,19.88680412580436,4
77.03461972909652,21.769840451532804,4
29.774033640072602,46.13253997960585,4
102.64296541423093,69.91212677988256,4
62.75810682057019,68.25733132938663,4
96.40773140583826,19.652001734670048,4
47.27738150904996,29.594175674083182,4
168.87167318518777,69.38012538013655,4
147.12033114626698,70.13417707061319,4
60.09666272659173,54.14636316384581,4
82.89750153243169,33.2058976733931,4
70.71210863245848,35.81255141165664,4
71.79213515651949,60.65719652606903,4
102.35051675807313,25.35386562461373,4
28.274445193378703,56.84248074451146,4
61.811559833273705,76.05024229487893,4
53.186825615391,72.40828738185822,4
46.31820719522999,46.32562786761296,4
109.38143319832378,27.901920861059597,4
107.40201454099702,74.98515706519518,4
38.113973233087705,66.89670123625456,4
74.83269805471406,70.27421857605151,4
103.32062370604326,57.74063473340608,4
117.44296966288303,28.978357594835302,4
7.322161074714529,61.32108501964595,4
46.91518620080538,57.8494968412893,4
141.55900478592116,63.040161180652284,4
124.65612579067687,68.32926506113849,4
84.92509362128939,24.713760273089974,4
110.36646720869115,42.361474332332016,4
99.2887698541772,46.63783792920116,4
156.4408503958411,61.95332613944706,4
71.94457523470705,55.94297680788612,4
80.23590183551421,39.264503380780695,4
9.071975197565635,41.01922794676652,4
103.23019933652316,3.339643806886464,4
25.59906652857393,48.67203902612656,4
158.5888477033721,58.086785802608105,4
98.93517667573816,24.868265788635654,4
25.162375373279943,44.19396869269954,4
41.19725539853958,65.80132218071918,4
101.41972237858901,28.60862712882093,4
34.667050120095446,46.857521577246544,4
88.91191479880557,54.052426450657265,4
34.83555520374642,41.2079098438653,4
119.75056443406972,36.772868717515756,4
13.43543309614111,59.5210362759673,4
17.67530983405669,45.8244293504823,4
73.15677688056253,41.40220756768646,4
0.13090998702044487,48.74915781047686,4
150.41828748359896,70.4278017986766,4
10.678917088456629,47.43509682377267,4
89.10985545305655,27.02323032894877,4
120.28194512155889,-0.07640130860906424,4
55.56231091502819,66.81350289552678,4
105.51392241698554,47.354944303126274,4
132.16245697648654,55.69042960463841,4
69.55481628252444,29.436297976792915,4
87.8763172861776,38.31283833658717,4
169.78121546318556,67.28250674661435,4
95.58127734713975,34.5384600670424,4
110.60650500628535,71.10647920311033,4
31.760003521292013,53.39573946999481,4
100.21284347753344,64.14787458467565,4
146.41125446563274,67.66558225354832,4
114.6079478279683,69.01413969197813,4
73.17926965694915,66.38181849105285,4
69.45905766376875,24.36747031052044,4
64.72373751103189,32.85583292708686,4
98.65446991555072,79.78775058882576,4
48.17432355243706,18.75151513851521,4
38.977100495049314,48.63713016584225,4
107.51181101750262,36.28840808077626,4
58.94598458420538,21.995717831053113,4
77.52877978649454,37.40037360368191,4
124.66904152762554,55.70922974453845,4
109.28058793355494,63.56381744200412,4
162.06289129592722,55.920677624937724,4
49.283632001259626,58.64959829152137,4
46.75739495959321,23.70341356081125,4
43.269112362807945,36.52540731037207,4
88.74741147213561,74.12784720742778,4
12.103624619325487,43.27210518564243,4
136.1349839327099,65.56764201347801,4
79.20350551116395,33.0065797343735,4
106.09588359891873,16.5975212326634,4
36.41970063588545,58.39107187493178,4
140.50650340243277,40.73095209057081,4
129.24107053856545,40.95606704356604,4
24.78172599803409,61.481594014868236,4
75.83666170751893,62.56201214497818,4
97.29153271309549,65.79998452265335,4
46.15898870449283,34.556701886577734,4
121.54072390235876,49.06481201400351,4
25.62384601673844,69.94824749670363,4
55.13883413076575,61.83434587953698,4
91.86147403070207,24.62035417372333,4
52.660781767574164,35.21006795263156,4
75.57576004390444,56.112571378212735,4
82.93435004047943,20.037387297469554,4
116.55276599203683,1.5015431495225116,4
41.53823309223258,28.852759020309023,4
-24.19249274478865,65.79766440794131,4
115.34558467220023,30.57410723880243,4
128.07380366546235,55.03249576766717,4
22.028762770844452,55.25297164526286,4
16.93660554472183,67.02237668068128,4
106.45485481800299,65.10412153006561,4
29.552119272683214,37.786395998089034,4
117.40258688688124,70.88983136696646,4
126.5388752580742,65.31341155410209,4
132.7315722081792,65.79938930765034,4
120.53793744129824,13.196845641361328,4
71.84870719322299,38.56906203267314,4
61.18967845100592,41.813755178750334,4
82.66907367226983,66.17381567261754,4
87.67268786684386,65.63893524913016,4
172.8458906144743,62.377133657606684,4
52.46560544071575,22.90336268819398,4
137.51273551427198,69.78794444924607,4
153.81644561355603,66.95364710376825,4
2.3010074720689175,42.904584867945125,4
62.464325960257156,27.49042015216215,4
60.81431276893211,31.3501590354264,4
115.42157357866441,57.49790495514737,4
102.93189453155267,44.92455391830554,4
110.8640271416574,48.22566177440345,4
-4.205142368371199,37.775531494413855,4
129.52760138463177,69.21963797345383,4
48.84939991274838,49.634067982302234,4
37.77206525933772,25.853787180436566,4
150.38453990933078,63.76204197657637,4
19.75349096673665,42.2191020607332,4
141.57793342348415,-4.2326116194700845,4
69.20598457822426,54.11138114751505,4
19.143140776371197,53.10686887038027,4
109.0423366917326,23.831357460726043,4
91.82481375649499,35.27367717060631,4
29.881684518913573,65.46812154696019,4
78.6444628712138,29.68004018780709,4
96.64908073055955,26.81702237193251,4
107.57846652500452,52.72594240163832,4
145.37448254561855,64.86523025780765,4
92.02700879777217,39.90630896030824,4
143.5343538572377,59.96431049719272,4
98.49829557250263,74.5829569698725,4
80.08538502533844,42.878666239528854,4
106.10979062384831,70.66603525880032,4
93.7954479373747,36.22025557156953,4
103.502455758996,49.30005877977836,4
113.19619071405594,3.202497950017346,4
81.88065415419292,39.678463891274816,4
110.06347700867771,68.65995592438748,4
133.48243779804778,47.545954817772795,4
42.49978492406643,62.0791495798014,4
105.06662067302207,20.775597244244025,4
69.16795407544515,65.53155805865201,4
49.481046638480734,62.262090768133746,4
59.63006919019107,49.68494038388863,4
135.35651185053692,68.08254874252432,4
33.312764438761995,58.152824541194796,4
45.50546237871985,40.44795888931983,4
95.76479900341609,4.662968651156142,4
110.83704647100113,56.126258427952166,4
115.62081989723885,72.80006959826422,4
-6.928024148794023,53.61786379943441,4
142.41067942759938,52.3713338808577,4
60.1454918322477,26.214256269462737,4
107.32037414339948,11.177156682810796,4
57.25254866077054,54.88409883266779,4
64.71992268704828,36.089835748506864,4
143.51414995570912,43.2692823449606,4
28.71953980930556,52.863784890720765,4
123.91058615712666,49.40621659942927,4
73.77025039177029,20.396401746073167,4
137.65550466556826,-3.9320696148170455,4
26.534078314467394,41.977653222614336,4
77.53182129627365,58.31934129063563,4
116.47869773506918,65.63951775602008,4
63.7153301534629,66.16029196937822,4
122.3602818630022,58.69827667533687,4
86.36688284368796,50.363546365995916,4
127.66081131783926,35.26848204964969,4
96.03536732363052,60.512232317219784,4
101.53319612043637,19.262339835520304,4
79.70317300590852,17.819185209465978,4
15.329983002776359,56.745298411444125,4
19.529868233250994,48.70142453702413,4
93.73237570429416,47.09014023739746,4
103.46864206442837,21.94175107708353,4
119.16207739786044,42.237919736777926,4
54.817870403930314,18.344096368822203,4
59.94838125749368,61.06113060993669,4
93.7149458906122,31.78268587762925,4
104.88773265109344,41.53604013593902,4
122.12389885736201,69.45657141966274,4
71.37402913118643,27.730720154836558,4
19.8003500353706,64.79854635183663,4
94.84564760121087,67.16545968379386,4
97.0801889254057,41.439764458582616,4
80.15359315336634,24.180586945141407,4
75.37008728229642,15.995471658117538,4
170.2309376114934,60.99751184558309,4
43.560648212948806,16.087554011378764,4
96.911710353921,56.249664275328854,4
126.56563918639579,46.379819185879334,4
12.120322771509962,61.37578373184778,4
113.45197602252203,35.15244815810711,4
112.07405106229083,39.91536790774285,4
76.62622376134598,43.68167782165836,4
2.7024038538312,48.003747238507465,4
111.83958373741552,-2.4563202090188483,4
74.52449751384903,36.75727641267997,4
117.7324645321613,25.827721014921828,4
107.68054752159048,48.787476513941876,4
104.60128413820114,35.31918231234972,4
101.15466904009168,50.02539809579143,4
74.45558102344792,52.601397192172094,4
83.67440324842555,35.810302706201334,4
60.521687274284545,68.31749262072739,4
81.66066273418639,27.888357404152124,4
100.5481688879413,38.746356279360995,4
66.3021057277301,50.880898651691766,4
43.690614491142284,47.504121604427574,4
41.16721059251318,43.65572162799765,4
66.9699914421912,29.46254675587999,4
26.271385080546047,64.05006933095203,4
121.21638560032552,63.8666720953849,4
57.353370583500876,64.67989248008897,4
64.63769997289796,63.76483631346867,4
129.79013325022157,63.25955223430674,4
166.6982695840428,64.31349822334515,4
24.446097151524114,51.76983411464415,4
87.63113497831606,49.822408024676164,4
130.70736379497114,58.25648370142494,4
103.34066310261014,63.703918308538995,4
47.59954238197078,20.973592399868373,4
66.55687073193745,55.5626003169456,4
99.26760250946376,31.22592866515295,4
171.3680190035355,64.66910850983727,4
45.24547149721499,60.278116996202954,4
71.98073663017021,69.84109781715861,4
36.15351040136547,48.718837424940176,4
116.43781262082433,62.18555529613651,4
138.88017154508378,57.657335602928455,4
52.67391967219797,17.170581500113457,4
59.749303881669206,45.91757731143573,4
123.33148804246139,46.82060585006029,4
24.937079435506305,58.97931177167634,4
175.6534736816726,63.15346994599598,4
104.6746154460441,77.07224304870667,4
95.01897205531039,51.85944288381132,4
83.39861717316019,43.7442906703991,4
136.65631464490178,52.52569844699694,4
53.60590284684855,50.860101251088054,4
86.43832927117745,24.39458822011865,4
14.963939422757605,53.73192845136803,4
77.54674669610549,71.1974959764202,4
58.53125685945853,32.936128453856746,4
87.78911346290876,40.633687642672434,4
123.88533114986635,42.24342763667818,4
114.94892301697857,24.61554112810271,4
44.087218472796735,44.851459110973465,4
66.3097284314851,39.73837587219782,4
108.12781540950233,32.451288381794214,4
29.32707391456877,40.780476872877216,4
44.91114696408934,21.32999123548506,4
66.37394787339231,42.08435516156889,4
68.33690381383131,43.88968764187211,4
118.24017212575572,48.277037757016316,4
55.380919613316365,73.54970721470661,4
74.75342276231075,66.77605209014764,4
140.10945916555679,65.5560972942205,4
12.4436469144011,48.88061703714514,4
97.24616630047309,17.149298227973464,4
14.336038554635607,63.540424320910276,4
147.67158389042305,-9.422604197209822,4
175.1212681728566,69.03888389329617,4
24.45013624607146,41.568229139558156,4
47.30992471167058,66.36564016453065,4
44.942433678349516,67.9165764596014,4
22.91261000611813,48.92087298818558,4
110.48529300652265,31.582248175062688,4
29.291184507183885,47.866770885518065,4
98.28175260572303,71.61178170033534,4
100.8317183115779,53.75552183017198,4
56.14145698635758,41.68292628761236,4
57.713221175057214,59.153442215111085,4
84.43558095529849,67.4050093869102,4
120.75225181710951,72.60792949200125,4
75.89911245899565,29.079771742635003,4
134.90346946810286,43.83770956278703,4
112.41480673922486,-7.666737471739857,4
54.109427676514464,39.95612591841011,4
38.01814575918269,54.397474724806976,4
4.960806115476203,43.83578357654977,4
136.37078924723582,59.764498740177274,4
94.23502490385556,28.741206454794273,4
48.2245624963451,53.157252413492124,4
117.48500805265579,31.64964314133863,4
95.19270055072379,64.13146937179552,4
33.558149491233436,68.71931714827916,4
54.370543833478486,48.45585231708667,4
120.64538655309366,52.26219297815826,4
115.66181550527233,48.292702179069664,4
142.38973897454127,-8.387635874338642,4
82.78837115926446,53.078161581205244,4
125.60831181173609,59.06126466545717,4
45.7765853342388,48.78396031013676,4
-15.247446796828896,64.81453443631317,4
54.28154902688204,27.512539973955757,4
133.66375600489621,51.04418091020888,4
91.89194177915601,52.69298940948477,4
89.51613833860158,56.062577066066574,4
34.3962585462907,60.2023413763167,4
112.81120832199419,30.679385395265285,4
117.82068531479064,38.69133085033029,4
-0.20232822125782945,50.99986445064792,4
127.45808076723867,69.91234075158565,4
77.48226886816418,66.97416157969404,4
92.4586537927799,61.88187205445673,4
86.24890003428771,30.415364666537663,4
81.01658484808667,37.5672388290049,4
42.50182402177186,21.72869545997674,4
63.03682219860363,53.36118061042559,4
33.35018961853994,64.73453487678086,4
123.98665748577623,62.44544330140171,4
102.7932574533776,38.831462253569974,4
59.60950559622728,75.224307558986,4
90.18418471495276,63.835053253491616,4
166.7640631993457,60.99027726905666,4
43.14795414075902,27.550325328081115,4
55.12224340866476,30.29539380337805,4
-4.456573102395666,40.339141290981345,4
120.81437514207985,46.438460871780016,4
47.506128630800106,14.562052523857083,4
98.72399965831647,9.705044578426119,4
99.51992891066712,62.147748263305274,4
62.74581649342832,42.40495352171115,4
112.082274291961,59.19985917140118,4
23.776825540682623,68.34983055320751,4
81.03750323416334,56.824167731593874,4
0.1404660572572567,45.09877902150861,4
130.25042367219677,48.425015452875776,4
116.09028259024093,51.54027819975046,4
80.02576205226427,63.353532316751895,4
157.36012816587635,55.38419080573803,4
125.26931875465522,72.57158829388784,4
78.15559734309012,45.00297681303832,4
97.18880806514407,21.897485586958727,4
31.1633828689,59.48284873722058,4
173.8180702831726,66.15893666442248,4
15.79780105530348,47.0451472393144,4
-3.6024802451170075,51.03749095075048,4
44.29462160279042,53.151817743618714,4
69.2137978020425,47.2589770175149,4
88.85327298962174,49.984378043688366,4
153.19387308476212,60.51219126411991,4
19.289678141136847,68.00772106139345,4
137.53554265680083,46.474716305650404,4
50.93288619295927,52.74811493972033,4
65.41312690059775,25.760573431354064,4
78.527834186163,27.472682127783912,4
54.99238543002708,54.088563556110714,4
74.63739387218652,48.058740262761695,4
102.14024216481695,22.6258718350821,4
70.5189680732966,72.28364270465207,4
35.94539322595203,54.88257049726508,4
119.50906503287499,67.99631082800293,4
8.634781016836158,47.403847545272015,4
56.57195153377349,48.70029428714102,4
132.75991221329718,62.96709801142033,4
78.28678053587913,60.42212317429098,4
40.06966727897827,28.824006183997003,4
129.94347217428407,52.19318782351551,4
114.7369877144118,37.7539865036857,4
105.74990189138637,30.59989329718203,4
71.77606162262121,49.27587398132645,4
101.31734387240613,-0.45060336472318596,4
121.4458398546225,29.548304955339,4
96.66011715369561,29.116131785166495,4
5.31039529630506,50.89031036999412,4
90.18361457413258,44.21593461944941,4
77.11366004541078,19.354402366449403,4
80.55881749396923,31.411132056008427,4
85.66756120439892,58.664827046165485,4
88.85152354826324,22.718727176102057,4
59.20541716529925,38.502072636819044,4
79.99197635057894,51.24504329795349,4
160.84246788417119,57.37988822365165,4
84.17914718281577,56.79244376319265,4
50.128225199221454,33.436976988619804,4
49.9021331643808,64.83595550302215,4
88.18829431711478,35.88026681795787,4
102.62693603540956,76.32639826801618,4
158.5184575304108,67.00463605693264,4
85.72838257399896,47.37008068689354,4
21.3542634098279,44.10002702246639,4
69.83508943803041,32.62886216346216,4
6.278198275937072,52.655171034571744,4
47.72023811685145,25.717369662183025,4
115.44111875145424,54.464999709009476,4
85.15502300037097,40.193936475580415,4
110.3220892809096,21.052546639424534,4
-4.4597728315381175,57.96538439049147,4
39.30892347076835,57.97208741216001,4
77.77015925941933,23.78528669804022,4
82.2056892331157,73.30473793872318,4
87.69817510638724,59.70539565801574,4
96.25913550782857,31.95017171398411,4
102.07422042013441,34.8696214520388,4
92.85000193133371,69.03911077836302,4
23.77482874395178,37.905143633985595,4
17.472978687258504,44.212532237805696,4
156.38461874329576,65.42937447404518,4
37.385553172218096,37.12134082337961,4
81.31387999852032,45.403514036106984,4
29.666952494709633,63.37059953546737,4
-22.37468011549521,64.71978054616764,4
163.41552985550595,68.66474803578672,4
101.24634980245354,68.62568435350215,4
30.074257963029893,56.226082585546166,4
71.25367051196369,67.27690692880952,4
37.13181868562975,29.403942645322555,4
22.274014104185817,61.604491803884216,4
82.99625138917388,25.357623436988842,4
112.81014990328381,47.180307791441436,4
73.62172731835255,27.230641422951084,4
55.88799789468503,47.01665717347119,4
140.11178599021636,62.12819455079726,4
140.52817857640213,38.96991564600931,4
62.79658020459715,56.548870859193556,4
111.63503055463569,27.28225784799324,4
101.11367653260791,47.44582894912649,4
119.73579028855605,59.15037605761694,4
60.01470174021148,55.793695387259746,4
61.53478350930554,48.983426331991296,4
106.09810829793966,-5.831237098667337,4
101.50751075658968,5.05237698451333,4
104.48492075840335,14.556550283523748,4
90.966872062615,71.24300362007628,4
110.13570675940183,53.191622536268625,4
59.09304200629454,66.21340578196012,4
40.78017445824324,53.20770316169601,4
118.9000636283106,52.893650033927685,4
69.08966377509043,70.20495569270514,4
32.979784367686555,55.07770127252562,4
84.11221256024615,50.16103140295354,4
103.44245598734399,30.4996454758331,4
45.63598399820155,17.116915022161564,4
51.24897817016776,48.0623200159931,4
102.69668951929158,52.88785611034669,4
148.13561676836954,60.30690891524677,4
-5.931646351632736,37.1486875064578,4
72.69833330143368,25.19978070934986,4
26.078491387591313,55.413354798871666,4
51.80247919609272,60.19861558938173,4
133.75899744298908,-1.6870295566812175,4
126.40420133998384,39.042623425138,4
86.10069604012283,54.132910853352435,4
47.4932426268021,42.626075665587166,4
140.20262687989896,68.14420422746699,4
67.53719739575882,37.16600854773746,4
134.44146499663168,57.323388339428696,4
64.84109752247251,47.33406608332129,4
66.08309475985834,68.0647880001412,4
115.9119700315143,43.91464984446243,4
33.08966380309555,30.208106315325992,4
165.4026821412085,67.96204374900182,4
9.522204566772118,53.77882503063392,4
107.03162016298654,55.69472200691981,4
76.35877566565547,54.06741294000227,4
107.52240213177609,40.51235758640505,4
64.21977138731525,43.50112011343004,4
12.345166976468917,51.25820448564278,4
127.93917360230161,41.098190361512806,4
71.51618926839319,53.745377496201684,4
65.78977426679297,61.07812386840326,4
67.38476511149605,58.382110769404434,4
43.291424776332015,18.787351458288448,4
56.247269055574804,22.336309267057096,4
48.756158560493844,31.4975607823012,4
57.444101400994185,70.66871558857063,4
145.93931010656488,-6.161333108743236,4
172.3153059903197,69.8238155958625,4
113.0873402405784,64.58890895722783,4
141.87333795335786,43.48368811938228,4
97.81685508617505,46.417506810415404,4
124.93706899514618,52.21063655590858,4
105.66744566844893,68.83750996123332,4
35.15401129438847,30.979706424539778,4
115.71231013588283,4.887312038555507,4
24.058373806690568,45.80908771064635,4
144.3683964683569,-4.601449019830284,4
105.96784949306625,72.64213064520781,4
90.00657812535165,33.75304874507523,4
9.406119743781147,43.59451528809718,4
104.76041422526376,60.68181995492557,4
52.487732391541996,44.88926420920445,4
72.1271395007589,36.63514312379901,4
-0.37323597450658497,53.42586731108352,4
58.59328414982404,42.49361826695918,4
145.5448523492842,72.13207314262041,4
110.2300787678454,72.84454833859968,4
92.62553578148324,67.31263922617421,4
159.52626721122954,70.29928362053812,4
40.18040485349462,45.45693023775705,4
133.5713452689743,34.20049385207006,4
116.91220354086522,68.87112390109395,4
76.2163420668162,59.7152257090024,4
37.171010120934724,39.88208936018326,4
47.23272297960787,4.461304101981142,5
11.709877197473723,3.660139256810462,5
0.042225604308004705,29.850545812812534,5
35.54636088434805,-17.605272425497542,5
34.71204404714663,22.93013474456724,5
-6.368683923313846,22.788404550957008,5
16.87427547587558,-18.017279236903896,5
29.815256423300422,12.685792462429466,5
14.22887450401281,21.682623091210917,5
-6.620195455831954,12.682432279967301,5
31.267427441152392,-1.0662806716543303,5
6.83987462694515,11.635582244177073,5
20.349909976101614,-32.05793079546689,5
22.877109739060923,-11.93045101513492,5
23.093360839575674,23.995598488921136,5
33.139897619444035,-22.462600658652192,5
20.59771225316253,7.312359547150449,5
44.34586352158535,-22.173654013896595,5
17.082512640110025,-3.1085014901224346,5
8.547837088248187,29.640995001315044,5
-15.956571113392464,14.524114953654184,5
3.8047061810156784,18.44875369974556,5
41.37712247790629,4.762304085360952,5
36.313203915425646,-13.157705742400172,5
29.054452149256633,-23.373178378845555,5
35.7783752187414,12.41269803565366,5
31.401942652706953,5.059814430382646,5
-3.3560012814908013,29.791166089585722,5
18.708674483867654,27.11816887999757,5
17.37469834591752,-9.376951269923477,5
13.696133454744864,11.792514105086118,5
-11.422948741309547,24.972361338828875,5
24.491198596669022,11.70157105518686,5
25.21372290777817,29.79462639433631,5
-2.3285238609031467,5.8955902857258975,5
31.013640414249245,-10.020988040730906,5
17.05827976716622,-25.15607285291097,5
24.761066533084485,-28.970713056024508,5
29.576037448064273,19.15567957213769,5
8.63293478943657,20.258435716027495,5
-1.7655316612692111,14.698926388563713,5
26.230771382438206,-2.618826004498721,5
14.903640477470084,1.998844636465301,5
34.0020099350553,-4.5238246184209485,5
22.495271716751226,-19.472167108492343,5
47.537119389449565,-17.438954768808017,5
15.19275748087067,30.968228439750924,5
-0.9002782583113706,23.888948105697956,5
-10.52459312993621,8.222209952491324,5
41.91612071590089,12.653416036996445,5
24.11650296715409,3.659283814287498,5
29.147424810100723,-29.10952832223363,5
5.697479381618789,6.194470548601409,5
14.15715521786268,17.08661099961999,5
30.248537625889668,24.563856691064387,5
2.9322199576966135,36.480441821090565,5
34.89948253605486,20.180323718229367,5
8.337776991305269,23.11484145418209,5
27.29544772434095,-19.28968511613187,5
34.7238568509818,2.6424622502400625,5
20.234473810178823,16.788451213728575,5
-7.815741657804544,16.74256600729488,5
-0.9889511367519361,34.536302019129415,5
-15.538115723958938,19.540577748927603,5
-3.018677367481864,10.007959569378965,5
14.711327211011795,-14.406310041202765,5
16.250161546252755,6.281834911323376,5
-9.0239058493883,30.916035592844953,5
12.655877160496754,-0.26934294116595314,5
49.24435959160555,8.856160649801048,5
9.98523946111811,16.07316977592075,5
33.49195529724173,14.834692022803655,5
3.857940820277838,13.22243904344215,5
9.092074983492306,36.452442711689386,5
13.702530441153884,-6.091265002762785,5
39.96043226998318,0.7354827959062966,5
22.9808338340836,-8.104195692280136,5
38.73343934748593,-9.429366562887488,5
-3.131384576054323,18.466376743786498,5
34.04770753455139,-7.142800020008143,5
22.89058029394387,-23.918714649995028,5
20.24635685907169,21.412963919395036,5
7.875188194587826,26.53311054430936,5
-13.63676430822872,10.607913520641464,5
21.611434333003963,13.912762533424859,5
26.73561574538278,-32.73974914783066,5
44.22315307473277,7.5408985842126235,5
39.147328581360306,16.421775962807907,5
13.981598289398896,25.51982729349599,5
27.076218275673206,8.170142603497606,5
32.700461242574434,28.464701786145763,5
27.52505594401619,-14.690554085623916,5
32.36319782178137,9.547769087386344,5
21.491259373296053,-0.735613094663214,5
38.178646847395356,5.541352924758314,5
3.71876070361464,24.10973128110293,5
18.9362123353666,-21.381574946653288,5
22.97668406021462,26.82063314933235,5
1.7892239507983838,9.395752499706198,5
5.9348262024131415,31.22379029144579,5
22.552860662485656,-3.584713050765642,5
20.72239700396032,-14.010366820867272,5
21.784968556380985,31.65634916086142,5
20.057208022162584,-29.303239300280104,5
37.92716549707512,-5.171783751543949,5
25.765670344929205,0.8386416052637999,5
-6.5029636820168975,32.384684197101265,5
-14.470805204149478,17.64886062103977,5
30.609728647666586,-4.966563384564647,5
17.646383959989237,3.013058292208928,5
28.456106623168886,-8.4643879453752,5
25.577499125992418,17.806552238215705,5
40.54800628505152,9.759050038221417,5
-6.79452768947014,6.858859049350102,5
31.850958510767303,-17.32321880335717,5
14.0699565253868,-21.519968420673212,5
35.350479192721295,3.8206189129265233,5
27.422982803928647,28.654054429255375,5
18.10442169853744,20.66398400648418,5
12.829582745965258,7.122078658068686,5
-13.543879687640906,21.803826065150734,5
25.791566912909644,-24.327977922670435,5
33.51838026920281,17.839718429413164,5
14.18678064319752,-4.014056081739958,5
45.39441408849291,-25.122316121032604,5
-2.953980402837491,23.84731548471986,5
39.59202572034291,-14.772365526467503,5
11.765083752986454,13.467454555434582,5
13.152444285382948,18.560184741070113,5
6.384192416213889,8.883727367778818,5
30.213560922211286,7.313382385959525,5
-11.070317587754737,16.811293924065183,5
27.653306276550165,13.898377105814065,5
-4.156948109905986,27.63743495530457,5
-0.46610682748722,22.322293648102338,5
17.479409116724135,16.698660285054558,5
17.628952746663835,12.669751503599871,5
44.21299999829579,2.101884488509943,5
27.417428478582075,3.1587835994572324,5
21.521593383205847,-6.670667959571566,5
23.868038508956356,-32.05410633700836,5
8.21170433544696,33.74931159199174,5
-9.466115816113522,20.896410418012696,5
-2.0568609326242573,26.531553359404214,5
25.619735055485442,23.246077430680746,5
5.877842618607657,27.048810735861895,5
14.563692931384749,-15.838455506450302,5
20.670032542620334,-17.288478099872144,5
49.00960457743618,-14.546067028609404,5
6.4575715830179075,22.757438446855524,5
22.738758781983506,10.229289720073105,5
4.450671379914239,32.073177078891575,5
34.07153611427606,0.664026925488125,5
37.74051152476162,13.269184953150962,5
2.0742689514566806,11.95046159421565,5
11.325305717873992,21.732058415124175,5
29.626273305624284,-11.446596028687523,5
30.593945289899523,-13.651581109133293,5
-4.575347303166765,12.684402039086226,5
-13.798500867540177,26.07464074383501,5
7.669661520739371,18.470444674370768,5
33.093662053323,7.138336192199835,5
17.24209068779182,14.79549232746298,5
47.50219585632632,-22.068488854544782,5
32.19470418794835,1.7764182940825615,5
11.630678554021214,10.271404686768484,5
16.107470309566736,-11.133130705787828,5
-5.790762579844927,10.60414527536312,5
37.24967771140761,-2.0372932928134757,5
26.762166931674706,-22.492398314035,5
-9.396402253622277,25.7963574550823,5
20.623878097154286,-26.92984321286889,5
-16.35537624459539,21.778257485575494,5
44.79983968560452,-19.178592089384516,5
31.400120838071352,-28.257601360116773,5
-5.212700173656078,19.142788690733436,5
33.83368821714155,-16.139428099108844,5
-13.419107045807241,13.233434404068017,5
-9.585017118833665,10.642103315905628,5
10.455606268454655,33.835013897401055,5
3.310596901414492,20.885074330148388,5
24.706544717551658,-6.557816322196046,5
31.986920828883264,18.970891763261807,5
19.886017429920766,29.74569203393803,5
24.49092213745093,-15.42153325029389,5
-1.9449601438279736,11.622141206144697,5
14.854478028448492,-1.5218870264262954,5
7.713218966574489,7.314432872385779,5
42.55600878734395,6.300716346197455,5
10.142287750269798,1.216055068138135,5
-4.197111165269483,15.499341764657114,5
-0.6745966318995436,27.835247400464322,5
17.57792062351344,9.01161198976174,5
18.60869848230297,-6.626682762889607,5
28.636613274223066,30.577833032277894,5
16.272538771627204,-21.02843398745422,5
23.15536291481752,6.70230976268261,5
37.41284489925159,16.797121236221233,5
14.999896015397798,-24.24616786434437,5
18.36024465163148,25.164949599116454,5
12.10105056230623,23.956765965021354,5
18.15195656356583,-30.024626150706602,5
24.13910539199109,-10.083569053639351,5
-4.0030283413430965,34.419726761513516,5
18.75472658390009,-12.056202528290193,5
28.57607765445004,16.69539900279126,5
2.328137277052468,17.234945906646704,5
26.920270708727458,12.011389914329659,5
33.73182683986379,-9.80366757916234,5
37.60711030285525,11.0875489037153,5
23.570107066801157,21.439844635546702,5
0.2367695094477149,31.964906356250832,5
32.31644635766231,-20.38314111617008,5
23.349571480834634,13.605829557335234,5
12.592171045231513,-15.843196898957025,5
4.152123212192016,9.922327382433059,5
25.15334546116763,-20.20727139355423,5
20.387572896327274,-2.0653629197749757,5
-2.29069378246448,32.8513069808218,5
38.848254581637846,-13.213296449276513,5
11.99200534357916,-2.334793797815345,5
31.345778857791018,21.123345461940225,5
-5.353196328317168,29.360428241303794,5
14.258037288153663,-9.1639738028761,5
29.954910165939896,-25.83077806742017,5
19.959225589654086,9.1365172082701,5
20.929543810791696,-11.493286485498341,5
-12.6241921704857,23.710256070420755,5
-2.1411127103769516,17.23520425987569,5
34.5135028222318,-12.916615027118386,5
-8.782762242800295,5.7286049332080555,5
47.97696582869851,8.00843477966657,5
16.203382257002296,-7.407365588473419,5
10.04915005765541,31.66558205356061,5
28.52680259278452,0.4044303406659253,5
10.852316127241803,28.130535066357247,5
35.93836581496831,7.796411520023735,5
26.484757322293497,-27.05708726096109,5
34.64171883587824,-20.680359816209815,5
12.81420209829286,27.943102289428694,5
10.232979942546866,25.477166632485226,5
13.956824191246898,4.516407541694829,5
24.65681677389678,25.741017425182104,5
-3.7722857776790875,20.280848240611547,5
13.666575276727958,-19.59888143958971,5
35.40704580140528,15.403270421382306,5
5.316267840622828,35.998440997556365,5
5.735319694579079,19.456933480539778,5
2.418998097139834,34.631811808167335,5
-11.19938201739578,19.01656335291073,5
-4.156793923992762,7.930236203336587,5
33.24410965104546,-1.897640247963003,5
32.913521177821195,-24.739174783733464,5
30.496196665726103,-3.1975793946322133,5
-7.537430049942369,8.634167344370212,5
8.618932418567086,9.877288153990467,5
3.2690718074115033,27.628142573249654,5
13.936044076972603,9.419555994535184,5
6.497710435502871,12.990680066434566,5
32.14647989927356,25.296900550080295,5
41.514504327126005,2.649686173285456,5
37.00325623952298,1.6967221183600838,5
45.09432473155042,-16.84289258048375,5
32.35054998781604,12.737261147430834,5
7.122502116115475,28.696798024419795,5
40.61275769803253,7.531898950950831,5
32.28571834694742,-7.287483449693158,5
-0.054231393613093815,6.326263442987148,5
24.048827065018322,-24.48743263590977,5
13.656250047901164,-12.103597598376727,5
29.376096357545862,-16.53879481508529,5
-8.642801809637206,15.668623111348534,5
9.113004201873643,12.143524511981887,5
6.698542952078283,24.45998782548564,5
16.62109548678368,0.3953308710071095,5
26.38311734326146,-30.016759136242186,5
30.366759911144243,3.382136395947674,5
28.211452189945,5.237801959107457,5
30.17551776126006,10.973923027283613,5
20.37868199049776,27.991821000288148,5
20.758134088249925,12.723637064806375,5
27.756695618698608,22.659622443058534,5
18.80438669029334,18.937561770296114,5
25.039211662423384,-4.342707963674939,5
11.628572534188603,19.41452339292862,5
-10.969600800647246,14.846577917430949,5
25.346340253147698,9.719576115068111,5
21.154508360774084,1.478662227350398,5
33.12883139988255,4.695101823780716,5
41.75638913586845,-0.2685262196844942,5
15.619568171119562,29.115192588575923,5
48.44731267352812,6.461786803077079,5
24.314820958693723,-12.889617435477355,5
45.3722386448471,9.407450307730949,5
0.89848954536237,23.2772866391728,5
16.57497430862118,-15.957384744732469,5
36.018023663492826,-7.008849781735239,5
29.49765016454933,-30.75260427820632,5
13.410938889616062,31.13764360973356,5
35.60768667720278,22.121987202851944,5
7.2043312102428025,5.087919637520793,5
3.567596302212939,16.0201389447562,5
15.538449209211489,20.39023974410785,5
15.691261227279666,10.827922392584414,5
28.35072893798604,24.9203977974149,5
30.099602416932868,22.379118316567855,5
45.7905987780769,-21.4405946704336,5
22.138632735514975,-31.04320452790806,5
25.479005949655907,19.936471305038324,5
-13.893962473474033,16.117898455300434,5
2.3989527067867353,30.86757235016767,5
35.86872476490126,18.783666740684808,5
-1.1216266693935992,19.52876441435345,5
21.66585473975779,19.250011528599778,5
20.961589813889134,-19.7619550966958,5
39.30401491021378,14.40537267016457,5
-0.5881687676369687,10.773897949366452,5
23.143130284680954,29.520390699178265,5
3.513140076155988,7.247585040561205,5
23.277686335566766,0.9112798593532476,5
-16.004442219449956,12.683000746819776,5
35.824315194668856,-0.46941014547832793,5
-10.134479301681164,22.819397816184935,5
35.913188215059066,-10.306451309068198,5
-11.282049886650757,12.25372048814773,5
23.206751409211417,-27.468502624175173,5
44.27970335117815,4.613238405160388,5
38.74558042631735,-3.8979093641200455,5
6.914053684843552,35.404969467449725,5
20.152898871624156,-8.884213396977973,5
38.257558246277796,3.217914334537091,5
35.15695310174263,-22.93006372230268,5
19.973221605681488,-5.586403159556499,5
30.77673932973544,-24.098053170863157,5
26.47275721595026,-11.04761358825031,5
26.5025763640362,-16.656947155986494,5
11.192005555834932,16.62937880370168,5
1.1456879413969254,15.577580746347277,5
28.248195792422027,10.414604122401414,5
29.324887654644208,14.833490481773367,5
-4.862162725650549,21.989458026801,5
5.28651182621924,15.668168976434647,5
22.656713788452468,16.4989433967132,5
-13.388153361988817,19.77825523386385,5
33.14670570406347,20.549222489620046,5
22.045730551811225,22.273872752249858,5
21.395021831875333,24.432359368439073,5
23.56817237663254,-17.624452493162185,5
32.051503077340655,-12.321935441278562,5
35.33060924336756,5.668848748196055,5
38.222285107231485,-16.60303500607777,5
18.516606884794147,-10.241188620032709,5
19.79586265247866,-18.43286965896994,5
-3.9939388819114114,31.566091013946515,5
35.99045691370469,-4.031399801931067,5
42.39768656740664,10.283066365555058,5
10.365931093355599,-1.1008901690122173,5
38.75968491291243,-6.078587997511362,5
-1.6417057174063387,8.151917297308227,5
23.234754395856264,-5.341637199863318,5
24.166192579053973,31.590051023428146,5
31.248007736855776,29.469355648761578,5
18.077510144465002,-23.34255469549612,5
-9.30798791224267,27.25621438148222,5
25.83572315632047,4.929442522232298,5
33.60647982723309,26.574450313105658,5
29.634906730809774,-27.472730798977736,5
5.079612659832572,21.954818188263832,5
7.361386190939648,16.65550802283068,5
15.858972748425757,16.755255415263775,5
14.282894617263292,14.168010476103,5
19.00896131018779,15.426191793549716,5
-9.558795266986277,17.567929386111388,5
14.836845436424728,27.03363553322793,5
12.38537767122833,5.3741386950074,5
16.90242845615279,-12.948810896390988,5
14.683378858210933,7.16307838409943,5
18.81844851879269,-1.0998041892448116,5
15.594083725193805,22.97752419753862,5
9.78712340616464,4.445464502747278,5
30.282419440831625,26.387076142971438,5
-0.3913114770963375,13.675138081882992,5
26.43072218589578,-8.864658741779138,5
-12.302429002689351,9.044257162365088,5
30.52046702000576,-19.06324789094718,5
20.864955938258966,-23.355523635183765,5
39.46355138113558,10.502500358035796,5
14.68692652947869,-18.180239093718836,5
39.99010273127125,-11.525079005629895,5
-7.972544005993054,13.343772761061713,5
19.453766508881838,-16.085966267483727,5
16.39021568882613,18.35973790535368,5
25.418102773758065,13.976009609179023,5
27.20547621378549,-4.275108531113314,5
18.091796860437988,-4.363855861658233,5
31.581494409684836,24.055268930941338,5
-5.172914329528325,24.828804299426178,5
7.85373093303625,14.220283309042426,5
48.19004191908946,-19.70715814970775,5
21.01142828984343,5.080389541507579,5
49.40255331031699,10.000491647374286,5
16.77413257377772,-27.117356586540097,5
32.473719489435695,15.860995904442294,5
15.734857569008579,-5.42385660353611,5
-7.381716337160874,21.030138818517276,5
35.004790013965874,-2.388218616357878,5
26.098119963027905,-14.01539978596848,5
1.1725595710242303,19.14520270985981,5
23.60716698439812,-33.742363481939336,5
17.05363305934721,25.91508240939887,5
